[
    {
        "image_path": "/media/scratch1/mroncoroni/groundtruth/replica/room_1/500_frames_continuous/frames/frame000000.jpg",
        "T_pointcloud_camera": [
            [
                0.09375759214162827,
                0.13574691116809845,
                -0.9862972497940063,
                0.6698073744773865
            ],
            [
                0.9955466389656067,
                -0.0030153230763971806,
                0.09422183781862259,
                0.3013969659805298
            ],
            [
                0.009816317819058895,
                -0.9907389879226685,
                -0.13542509078979492,
                0.42609918117523193
            ],
            [
                0.0,
                0.0,
                0.0,
                1.0
            ]
        ],
        "camera_intrinsics": [
            [
                400.0,
                0.0,
                360.0
            ],
            [
                0.0,
                400.0,
                202.5
            ],
            [
                0.0,
                0.0,
                1.0
            ]
        ],
        "camera_height": 405,
        "camera_width": 720,
        "camera_id": 0,
        "depth_path": "/media/scratch1/mroncoroni/groundtruth/replica/room_1/500_frames_continuous/depth/depth000000.png",
        "T_camera_lidar": [
            [
                1.0,
                0.0,
                0.0,
                0.0
            ],
            [
                0.0,
                1.0,
                0.0,
                0.0
            ],
            [
                0.0,
                0.0,
                1.0,
                0.0
            ],
            [
                0.0,
                0.0,
                0.0,
                1.0
            ]
        ],
        "T_pointcloud_camera_perturbed": [
            [
                0.12264448404312134,
                0.13320878148078918,
                -0.9834703207015991,
                0.6525856256484985
            ],
            [
                0.9924355745315552,
                -0.010980486869812012,
                0.12227526307106018,
                0.3294643759727478
            ],
            [
                0.0054892003536224365,
                -0.9910272359848022,
                -0.13354778289794922,
                0.44005724787712097
            ],
            [
                0.0,
                0.0,
                0.0,
                1.0
            ]
        ],
        "lidar_path": "/media/scratch1/mroncoroni/groundtruth/replica/room_1/50_frames_test/lidar/laser_scan_frame_0_noise.ply"
    },
    {
        "image_path": "/media/scratch1/mroncoroni/groundtruth/replica/room_1/500_frames_continuous/frames/frame000001.jpg",
        "T_pointcloud_camera": [
            [
                0.09386250376701355,
                0.13574658334255219,
                -0.9862873554229736,
                0.6635018587112427
            ],
            [
                0.9955368041992188,
                -0.003029628423973918,
                0.09432577341794968,
                0.2872275114059448
            ],
            [
                0.009816317819058895,
                -0.9907389879226685,
                -0.13542509078979492,
                0.42734548449516296
            ],
            [
                0.0,
                0.0,
                0.0,
                1.0
            ]
        ],
        "camera_intrinsics": [
            [
                400.0,
                0.0,
                360.0
            ],
            [
                0.0,
                400.0,
                202.5
            ],
            [
                0.0,
                0.0,
                1.0
            ]
        ],
        "camera_height": 405,
        "camera_width": 720,
        "camera_id": 0,
        "depth_path": "/media/scratch1/mroncoroni/groundtruth/replica/room_1/500_frames_continuous/depth/depth000001.png",
        "T_pointcloud_camera_perturbed": [
            [
                0.09282004833221436,
                0.1247313916683197,
                -0.9878393411636353,
                0.6939624547958374
            ],
            [
                0.99567711353302,
                -0.015003085136413574,
                0.09166222810745239,
                0.28254443407058716
            ],
            [
                -0.0033874213695526123,
                -0.9920771718025208,
                -0.12558484077453613,
                0.42266273498535156
            ],
            [
                0.0,
                0.0,
                0.0,
                1.0
            ]
        ],
        "lidar_path": null,
        "T_camera_lidar": null
    },
    {
        "image_path": "/media/scratch1/mroncoroni/groundtruth/replica/room_1/500_frames_continuous/frames/frame000002.jpg",
        "T_pointcloud_camera": [
            [
                0.09403695911169052,
                0.1357460469007492,
                -0.9862707853317261,
                0.6571962833404541
            ],
            [
                0.995520293712616,
                -0.0030534162651747465,
                0.09449860453605652,
                0.27305805683135986
            ],
            [
                0.009816317819058895,
                -0.9907389879226685,
                -0.13542509078979492,
                0.428591787815094
            ],
            [
                0.0,
                0.0,
                0.0,
                1.0
            ]
        ],
        "camera_intrinsics": [
            [
                400.0,
                0.0,
                360.0
            ],
            [
                0.0,
                400.0,
                202.5
            ],
            [
                0.0,
                0.0,
                1.0
            ]
        ],
        "camera_height": 405,
        "camera_width": 720,
        "camera_id": 0,
        "depth_path": "/media/scratch1/mroncoroni/groundtruth/replica/room_1/500_frames_continuous/depth/depth000002.png",
        "T_pointcloud_camera_perturbed": [
            [
                0.10806125402450562,
                0.10550519824028015,
                -0.9885299205780029,
                0.6680474877357483
            ],
            [
                0.9939229488372803,
                0.009512066841125488,
                0.10966596007347107,
                0.26378971338272095
            ],
            [
                0.020973294973373413,
                -0.9943732023239136,
                -0.1038360595703125,
                0.4192771911621094
            ],
            [
                0.0,
                0.0,
                0.0,
                1.0
            ]
        ],
        "lidar_path": null,
        "T_camera_lidar": null
    },
    {
        "image_path": "/media/scratch1/mroncoroni/groundtruth/replica/room_1/500_frames_continuous/frames/frame000003.jpg",
        "T_pointcloud_camera": [
            [
                0.09428095072507858,
                0.13574530184268951,
                -0.9862475991249084,
                0.6508907675743103
            ],
            [
                0.9954972267150879,
                -0.003086686599999666,
                0.09474033117294312,
                0.2588886320590973
            ],
            [
                0.009816317819058895,
                -0.9907389879226685,
                -0.13542509078979492,
                0.42983806133270264
            ],
            [
                0.0,
                0.0,
                0.0,
                1.0
            ]
        ],
        "camera_intrinsics": [
            [
                400.0,
                0.0,
                360.0
            ],
            [
                0.0,
                400.0,
                202.5
            ],
            [
                0.0,
                0.0,
                1.0
            ]
        ],
        "camera_height": 405,
        "camera_width": 720,
        "camera_id": 0,
        "depth_path": "/media/scratch1/mroncoroni/groundtruth/replica/room_1/500_frames_continuous/depth/depth000003.png",
        "T_pointcloud_camera_perturbed": [
            [
                0.051822125911712646,
                0.13348379731178284,
                -0.989695131778717,
                0.6396450400352478
            ],
            [
                0.9978988170623779,
                0.03167152404785156,
                0.05652335286140442,
                0.23863200843334198
            ],
            [
                0.038890063762664795,
                -0.9905447959899902,
                -0.1315619945526123,
                0.4361230134963989
            ],
            [
                0.0,
                0.0,
                0.0,
                1.0
            ]
        ],
        "lidar_path": null,
        "T_camera_lidar": null
    },
    {
        "image_path": "/media/scratch1/mroncoroni/groundtruth/replica/room_1/500_frames_continuous/frames/frame000004.jpg",
        "T_pointcloud_camera": [
            [
                0.09459389001131058,
                0.13574431836605072,
                -0.986217737197876,
                0.6445851922035217
            ],
            [
                0.9954675436019897,
                -0.003129358636215329,
                0.09505035728216171,
                0.24471919238567352
            ],
            [
                0.009816317819058895,
                -0.9907389879226685,
                -0.13542509078979492,
                0.43108436465263367
            ],
            [
                0.0,
                0.0,
                0.0,
                1.0
            ]
        ],
        "camera_intrinsics": [
            [
                400.0,
                0.0,
                360.0
            ],
            [
                0.0,
                400.0,
                202.5
            ],
            [
                0.0,
                0.0,
                1.0
            ]
        ],
        "camera_height": 405,
        "camera_width": 720,
        "camera_id": 0,
        "depth_path": "/media/scratch1/mroncoroni/groundtruth/replica/room_1/500_frames_continuous/depth/depth000004.png",
        "T_pointcloud_camera_perturbed": [
            [
                0.07094287872314453,
                0.15122845768928528,
                -0.9859498143196106,
                0.6400696635246277
            ],
            [
                0.9972090721130371,
                -0.03380763530731201,
                0.06656759977340698,
                0.2460697591304779
            ],
            [
                -0.02326565980911255,
                -0.9879205822944641,
                -0.1532047986984253,
                0.4025894105434418
            ],
            [
                0.0,
                0.0,
                0.0,
                1.0
            ]
        ],
        "lidar_path": null,
        "T_camera_lidar": null
    },
    {
        "image_path": "/media/scratch1/mroncoroni/groundtruth/replica/room_1/500_frames_continuous/frames/frame000005.jpg",
        "T_pointcloud_camera": [
            [
                0.09497552365064621,
                0.13574311137199402,
                -0.9861812591552734,
                0.6367912292480469
            ],
            [
                0.9954311847686768,
                -0.003181399777531624,
                0.09542844444513321,
                0.2314099818468094
            ],
            [
                0.009816317819058895,
                -0.9907389879226685,
                -0.13542509078979492,
                0.4321752190589905
            ],
            [
                0.0,
                0.0,
                0.0,
                1.0
            ]
        ],
        "camera_intrinsics": [
            [
                400.0,
                0.0,
                360.0
            ],
            [
                0.0,
                400.0,
                202.5
            ],
            [
                0.0,
                0.0,
                1.0
            ]
        ],
        "camera_height": 405,
        "camera_width": 720,
        "camera_id": 0,
        "depth_path": "/media/scratch1/mroncoroni/groundtruth/replica/room_1/500_frames_continuous/depth/depth000005.png",
        "T_pointcloud_camera_perturbed": [
            [
                0.09388792514801025,
                0.14864522218704224,
                -0.9844235777854919,
                0.6443051695823669
            ],
            [
                0.9950386881828308,
                0.01867842674255371,
                0.09772080183029175,
                0.21939720213413239
            ],
            [
                0.032913267612457275,
                -0.9887142777442932,
                -0.14615416526794434,
                0.42634135484695435
            ],
            [
                0.0,
                0.0,
                0.0,
                1.0
            ]
        ],
        "lidar_path": null,
        "T_camera_lidar": null
    },
    {
        "image_path": "/media/scratch1/mroncoroni/groundtruth/replica/room_1/500_frames_continuous/frames/frame000006.jpg",
        "T_pointcloud_camera": [
            [
                0.09542560577392578,
                0.13574166595935822,
                -0.9861379861831665,
                0.6274905204772949
            ],
            [
                0.9953881502151489,
                -0.003242777194827795,
                0.0958743467926979,
                0.21897169947624207
            ],
            [
                0.009816317819058895,
                -0.9907389879226685,
                -0.13542509078979492,
                0.43310868740081787
            ],
            [
                0.0,
                0.0,
                0.0,
                1.0
            ]
        ],
        "camera_intrinsics": [
            [
                400.0,
                0.0,
                360.0
            ],
            [
                0.0,
                400.0,
                202.5
            ],
            [
                0.0,
                0.0,
                1.0
            ]
        ],
        "camera_height": 405,
        "camera_width": 720,
        "camera_id": 0,
        "depth_path": "/media/scratch1/mroncoroni/groundtruth/replica/room_1/500_frames_continuous/depth/depth000006.png",
        "T_pointcloud_camera_perturbed": [
            [
                0.1318143606185913,
                0.14760547876358032,
                -0.9802232980728149,
                0.6063362956047058
            ],
            [
                0.9911561608314514,
                -0.004349708557128906,
                0.1326296031475067,
                0.23542259633541107
            ],
            [
                0.015313208103179932,
                -0.9890367984771729,
                -0.14687347412109375,
                0.4086918234825134
            ],
            [
                0.0,
                0.0,
                0.0,
                1.0
            ]
        ],
        "lidar_path": null,
        "T_camera_lidar": null
    },
    {
        "image_path": "/media/scratch1/mroncoroni/groundtruth/replica/room_1/500_frames_continuous/frames/frame000007.jpg",
        "T_pointcloud_camera": [
            [
                0.09594389796257019,
                0.13573995232582092,
                -0.9860879182815552,
                0.618189811706543
            ],
            [
                0.9953383207321167,
                -0.003313458291813731,
                0.0963878259062767,
                0.20653343200683594
            ],
            [
                0.009816317819058895,
                -0.9907389879226685,
                -0.13542509078979492,
                0.43404221534729004
            ],
            [
                0.0,
                0.0,
                0.0,
                1.0
            ]
        ],
        "camera_intrinsics": [
            [
                400.0,
                0.0,
                360.0
            ],
            [
                0.0,
                400.0,
                202.5
            ],
            [
                0.0,
                0.0,
                1.0
            ]
        ],
        "camera_height": 405,
        "camera_width": 720,
        "camera_id": 0,
        "depth_path": "/media/scratch1/mroncoroni/groundtruth/replica/room_1/500_frames_continuous/depth/depth000007.png",
        "T_pointcloud_camera_perturbed": [
            [
                0.05364203453063965,
                0.1335998773574829,
                -0.9895825386047363,
                0.6221270561218262
            ],
            [
                0.998082160949707,
                0.023488879203796387,
                0.05727389454841614,
                0.22130276262760162
            ],
            [
                0.03089594841003418,
                -0.9907569885253906,
                -0.13208365440368652,
                0.43746957182884216
            ],
            [
                0.0,
                0.0,
                0.0,
                1.0
            ]
        ],
        "lidar_path": null,
        "T_camera_lidar": null
    },
    {
        "image_path": "/media/scratch1/mroncoroni/groundtruth/replica/room_1/500_frames_continuous/frames/frame000008.jpg",
        "T_pointcloud_camera": [
            [
                0.09653026610612869,
                0.13573798537254333,
                -0.9860309958457947,
                0.6088890433311462
            ],
            [
                0.9952816367149353,
                -0.003393426537513733,
                0.09696874022483826,
                0.19409513473510742
            ],
            [
                0.009816317819058895,
                -0.9907389879226685,
                -0.13542509078979492,
                0.4349757432937622
            ],
            [
                0.0,
                0.0,
                0.0,
                1.0
            ]
        ],
        "camera_intrinsics": [
            [
                400.0,
                0.0,
                360.0
            ],
            [
                0.0,
                400.0,
                202.5
            ],
            [
                0.0,
                0.0,
                1.0
            ]
        ],
        "camera_height": 405,
        "camera_width": 720,
        "camera_id": 0,
        "depth_path": "/media/scratch1/mroncoroni/groundtruth/replica/room_1/500_frames_continuous/depth/depth000008.png",
        "T_camera_lidar": null,
        "T_pointcloud_camera_perturbed": [
            [
                0.08790522813796997,
                0.1439266800880432,
                -0.9856764078140259,
                0.6181527376174927
            ],
            [
                0.9961255192756653,
                -0.010116338729858398,
                0.08736005425453186,
                0.19804097712039948
            ],
            [
                0.002602130174636841,
                -0.9895367622375488,
                -0.14425837993621826,
                0.44120192527770996
            ],
            [
                0.0,
                0.0,
                0.0,
                1.0
            ]
        ],
        "lidar_path": null
    },
    {
        "image_path": "/media/scratch1/mroncoroni/groundtruth/replica/room_1/500_frames_continuous/frames/frame000009.jpg",
        "T_pointcloud_camera": [
            [
                0.09718398749828339,
                0.13573572039604187,
                -0.9859670996665955,
                0.5995882749557495
            ],
            [
                0.99521803855896,
                -0.0034825841430574656,
                0.09761638939380646,
                0.1816568672657013
            ],
            [
                0.009816317819058895,
                -0.9907389879226685,
                -0.13542509078979492,
                0.4359092116355896
            ],
            [
                0.0,
                0.0,
                0.0,
                1.0
            ]
        ],
        "camera_intrinsics": [
            [
                400.0,
                0.0,
                360.0
            ],
            [
                0.0,
                400.0,
                202.5
            ],
            [
                0.0,
                0.0,
                1.0
            ]
        ],
        "camera_height": 405,
        "camera_width": 720,
        "camera_id": 0,
        "depth_path": "/media/scratch1/mroncoroni/groundtruth/replica/room_1/500_frames_continuous/depth/depth000009.png",
        "T_pointcloud_camera_perturbed": [
            [
                0.08715707063674927,
                0.14074239134788513,
                -0.9862024784088135,
                0.5851913690567017
            ],
            [
                0.9954589605331421,
                0.02573329210281372,
                0.09164765477180481,
                0.17244409024715424
            ],
            [
                0.0382770299911499,
                -0.9897118806838989,
                -0.13786053657531738,
                0.45705166459083557
            ],
            [
                0.0,
                0.0,
                0.0,
                1.0
            ]
        ],
        "lidar_path": null,
        "T_camera_lidar": null
    },
    {
        "image_path": "/media/scratch1/mroncoroni/groundtruth/replica/room_1/500_frames_continuous/frames/frame000010.jpg",
        "T_pointcloud_camera": [
            [
                0.09790505468845367,
                0.13573315739631653,
                -0.985896110534668,
                0.5899810194969177
            ],
            [
                0.9951473474502563,
                -0.003580931108444929,
                0.09833075106143951,
                0.16949747502803802
            ],
            [
                0.009816317819058895,
                -0.9907389879226685,
                -0.13542509078979492,
                0.43679535388946533
            ],
            [
                0.0,
                0.0,
                0.0,
                1.0
            ]
        ],
        "camera_intrinsics": [
            [
                400.0,
                0.0,
                360.0
            ],
            [
                0.0,
                400.0,
                202.5
            ],
            [
                0.0,
                0.0,
                1.0
            ]
        ],
        "camera_height": 405,
        "camera_width": 720,
        "camera_id": 0,
        "depth_path": "/media/scratch1/mroncoroni/groundtruth/replica/room_1/500_frames_continuous/depth/depth000010.png",
        "T_pointcloud_camera_perturbed": [
            [
                0.06392771005630493,
                0.12841948866844177,
                -0.9896572828292847,
                0.5822793841362
            ],
            [
                0.9979536533355713,
                -0.009485960006713867,
                0.06323269009590149,
                0.15595903992652893
            ],
            [
                -0.0012675225734710693,
                -0.991674542427063,
                -0.1287630796432495,
                0.449028879404068
            ],
            [
                0.0,
                0.0,
                0.0,
                1.0
            ]
        ],
        "lidar_path": "/media/scratch1/mroncoroni/groundtruth/replica/room_1/50_frames_test/lidar/laser_scan_frame_1_noise.ply",
        "T_camera_lidar": [
            [
                1.0,
                0.0,
                0.0,
                0.0
            ],
            [
                0.0,
                1.0,
                0.0,
                0.0
            ],
            [
                0.0,
                0.0,
                1.0,
                0.0
            ],
            [
                0.0,
                0.0,
                0.0,
                1.0
            ]
        ]
    },
    {
        "image_path": "/media/scratch1/mroncoroni/groundtruth/replica/room_1/500_frames_continuous/frames/frame000011.jpg",
        "T_pointcloud_camera": [
            [
                0.09869320690631866,
                0.13573028147220612,
                -0.9858179092407227,
                0.578345000743866
            ],
            [
                0.9950695037841797,
                -0.0036884343717247248,
                0.09911157935857773,
                0.15918424725532532
            ],
            [
                0.009816317819058895,
                -0.9907389879226685,
                -0.13542509078979492,
                0.4373680353164673
            ],
            [
                0.0,
                0.0,
                0.0,
                1.0
            ]
        ],
        "camera_intrinsics": [
            [
                400.0,
                0.0,
                360.0
            ],
            [
                0.0,
                400.0,
                202.5
            ],
            [
                0.0,
                0.0,
                1.0
            ]
        ],
        "camera_height": 405,
        "camera_width": 720,
        "camera_id": 0,
        "depth_path": "/media/scratch1/mroncoroni/groundtruth/replica/room_1/500_frames_continuous/depth/depth000011.png",
        "T_pointcloud_camera_perturbed": [
            [
                0.11493927240371704,
                0.11718767881393433,
                -0.9864360690116882,
                0.5721607804298401
            ],
            [
                0.9929551482200623,
                0.015230357646942139,
                0.11750826239585876,
                0.1658095121383667
            ],
            [
                0.02879434823989868,
                -0.9929929971694946,
                -0.11461150646209717,
                0.4568789303302765
            ],
            [
                0.0,
                0.0,
                0.0,
                1.0
            ]
        ],
        "lidar_path": null,
        "T_camera_lidar": null
    },
    {
        "image_path": "/media/scratch1/mroncoroni/groundtruth/replica/room_1/500_frames_continuous/frames/frame000012.jpg",
        "T_pointcloud_camera": [
            [
                0.09954807162284851,
                0.13572706282138824,
                -0.98573237657547,
                0.566709041595459
            ],
            [
                0.9949843287467957,
                -0.0038050443399697542,
                0.09995849430561066,
                0.148871049284935
            ],
            [
                0.009816317819058895,
                -0.9907389879226685,
                -0.13542509078979492,
                0.4379407465457916
            ],
            [
                0.0,
                0.0,
                0.0,
                1.0
            ]
        ],
        "camera_intrinsics": [
            [
                400.0,
                0.0,
                360.0
            ],
            [
                0.0,
                400.0,
                202.5
            ],
            [
                0.0,
                0.0,
                1.0
            ]
        ],
        "camera_height": 405,
        "camera_width": 720,
        "camera_id": 0,
        "depth_path": "/media/scratch1/mroncoroni/groundtruth/replica/room_1/500_frames_continuous/depth/depth000012.png",
        "T_pointcloud_camera_perturbed": [
            [
                0.09275829792022705,
                0.14729729294776917,
                -0.9847331643104553,
                0.5427849292755127
            ],
            [
                0.9951997995376587,
                0.017273545265197754,
                0.09632793068885803,
                0.16512157022953033
            ],
            [
                0.03119868040084839,
                -0.9889414310455322,
                -0.14498794078826904,
                0.46506553888320923
            ],
            [
                0.0,
                0.0,
                0.0,
                1.0
            ]
        ],
        "lidar_path": null,
        "T_camera_lidar": null
    },
    {
        "image_path": "/media/scratch1/mroncoroni/groundtruth/replica/room_1/500_frames_continuous/frames/frame000013.jpg",
        "T_pointcloud_camera": [
            [
                0.10046928375959396,
                0.13572348654270172,
                -0.9856393933296204,
                0.5550730228424072
            ],
            [
                0.9948917627334595,
                -0.00393071211874485,
                0.10087113827466965,
                0.13855783641338348
            ],
            [
                0.009816317819058895,
                -0.9907389879226685,
                -0.13542509078979492,
                0.43851345777511597
            ],
            [
                0.0,
                0.0,
                0.0,
                1.0
            ]
        ],
        "camera_intrinsics": [
            [
                400.0,
                0.0,
                360.0
            ],
            [
                0.0,
                400.0,
                202.5
            ],
            [
                0.0,
                0.0,
                1.0
            ]
        ],
        "camera_height": 405,
        "camera_width": 720,
        "camera_id": 0,
        "depth_path": "/media/scratch1/mroncoroni/groundtruth/replica/room_1/500_frames_continuous/depth/depth000013.png",
        "T_pointcloud_camera_perturbed": [
            [
                0.12121206521987915,
                0.1363394856452942,
                -0.983218789100647,
                0.5421706438064575
            ],
            [
                0.9926120638847351,
                -0.011278152465820312,
                0.12080618739128113,
                0.14578574895858765
            ],
            [
                0.005381852388381958,
                -0.9905979633331299,
                -0.13669931888580322,
                0.4692741930484772
            ],
            [
                0.0,
                0.0,
                0.0,
                1.0
            ]
        ],
        "lidar_path": null,
        "T_camera_lidar": null
    },
    {
        "image_path": "/media/scratch1/mroncoroni/groundtruth/replica/room_1/500_frames_continuous/frames/frame000014.jpg",
        "T_pointcloud_camera": [
            [
                0.10145670175552368,
                0.13571950793266296,
                -0.9855388402938843,
                0.543437123298645
            ],
            [
                0.9947915077209473,
                -0.0040654209442436695,
                0.10184937715530396,
                0.12824460864067078
            ],
            [
                0.009816317819058895,
                -0.9907389879226685,
                -0.13542509078979492,
                0.4390861690044403
            ],
            [
                0.0,
                0.0,
                0.0,
                1.0
            ]
        ],
        "camera_intrinsics": [
            [
                400.0,
                0.0,
                360.0
            ],
            [
                0.0,
                400.0,
                202.5
            ],
            [
                0.0,
                0.0,
                1.0
            ]
        ],
        "camera_height": 405,
        "camera_width": 720,
        "camera_id": 0,
        "depth_path": "/media/scratch1/mroncoroni/groundtruth/replica/room_1/500_frames_continuous/depth/depth000014.png",
        "T_pointcloud_camera_perturbed": [
            [
                0.1249622106552124,
                0.1423579454421997,
                -0.9818955659866333,
                0.5598751902580261
            ],
            [
                0.9899693727493286,
                0.047862231731414795,
                0.13292911648750305,
                0.12998555600643158
            ],
            [
                0.06591936945915222,
                -0.9886575937271118,
                -0.1349492073059082,
                0.43310603499412537
            ],
            [
                0.0,
                0.0,
                0.0,
                1.0
            ]
        ],
        "lidar_path": null,
        "T_camera_lidar": null
    },
    {
        "image_path": "/media/scratch1/mroncoroni/groundtruth/replica/room_1/500_frames_continuous/frames/frame000015.jpg",
        "T_pointcloud_camera": [
            [
                0.10250971466302872,
                0.13571512699127197,
                -0.9854304194450378,
                0.5318011045455933
            ],
            [
                0.994683563709259,
                -0.004209088161587715,
                0.10289258509874344,
                0.11793138831853867
            ],
            [
                0.009816317819058895,
                -0.9907389879226685,
                -0.13542509078979492,
                0.43965888023376465
            ],
            [
                0.0,
                0.0,
                0.0,
                1.0
            ]
        ],
        "camera_intrinsics": [
            [
                400.0,
                0.0,
                360.0
            ],
            [
                0.0,
                400.0,
                202.5
            ],
            [
                0.0,
                0.0,
                1.0
            ]
        ],
        "camera_height": 405,
        "camera_width": 720,
        "camera_id": 0,
        "depth_path": "/media/scratch1/mroncoroni/groundtruth/replica/room_1/500_frames_continuous/depth/depth000015.png",
        "T_pointcloud_camera_perturbed": [
            [
                0.0626688003540039,
                0.13426607847213745,
                -0.9889618158340454,
                0.538943350315094
            ],
            [
                0.9979955554008484,
                0.00032138824462890625,
                0.0632849633693695,
                0.1474892646074295
            ],
            [
                0.008814901113510132,
                -0.9909453392028809,
                -0.13397681713104248,
                0.4292934834957123
            ],
            [
                0.0,
                0.0,
                0.0,
                1.0
            ]
        ],
        "lidar_path": null,
        "T_camera_lidar": null
    },
    {
        "image_path": "/media/scratch1/mroncoroni/groundtruth/replica/room_1/500_frames_continuous/frames/frame000016.jpg",
        "T_pointcloud_camera": [
            [
                0.10362840443849564,
                0.13571031391620636,
                -0.9853140711784363,
                0.5191258192062378
            ],
            [
                0.9945676326751709,
                -0.0043617296032607555,
                0.10400087386369705,
                0.10900411009788513
            ],
            [
                0.009816317819058895,
                -0.9907389879226685,
                -0.13542509078979492,
                0.4399978518486023
            ],
            [
                0.0,
                0.0,
                0.0,
                1.0
            ]
        ],
        "camera_intrinsics": [
            [
                400.0,
                0.0,
                360.0
            ],
            [
                0.0,
                400.0,
                202.5
            ],
            [
                0.0,
                0.0,
                1.0
            ]
        ],
        "camera_height": 405,
        "camera_width": 720,
        "camera_id": 0,
        "depth_path": "/media/scratch1/mroncoroni/groundtruth/replica/room_1/500_frames_continuous/depth/depth000016.png",
        "T_camera_lidar": null,
        "T_pointcloud_camera_perturbed": [
            [
                0.12521690130233765,
                0.101742684841156,
                -0.9868988990783691,
                0.5379520058631897
            ],
            [
                0.9920925498008728,
                -0.004248619079589844,
                0.12543800473213196,
                0.08835363388061523
            ],
            [
                0.008569478988647461,
                -0.9948018789291382,
                -0.1014702320098877,
                0.447956383228302
            ],
            [
                0.0,
                0.0,
                0.0,
                1.0
            ]
        ],
        "lidar_path": null
    },
    {
        "image_path": "/media/scratch1/mroncoroni/groundtruth/replica/room_1/500_frames_continuous/frames/frame000017.jpg",
        "T_pointcloud_camera": [
            [
                0.10481228679418564,
                0.13570502400398254,
                -0.9851896166801453,
                0.5059019327163696
            ],
            [
                0.9944435954093933,
                -0.00452327961102128,
                0.1051737442612648,
                0.1008085384964943
            ],
            [
                0.009816317819058895,
                -0.9907389879226685,
                -0.13542509078979492,
                0.4402134120464325
            ],
            [
                0.0,
                0.0,
                0.0,
                1.0
            ]
        ],
        "camera_intrinsics": [
            [
                400.0,
                0.0,
                360.0
            ],
            [
                0.0,
                400.0,
                202.5
            ],
            [
                0.0,
                0.0,
                1.0
            ]
        ],
        "camera_height": 405,
        "camera_width": 720,
        "camera_id": 0,
        "depth_path": "/media/scratch1/mroncoroni/groundtruth/replica/room_1/500_frames_continuous/depth/depth000017.png",
        "T_pointcloud_camera_perturbed": [
            [
                0.09754502773284912,
                0.14977341890335083,
                -0.983896791934967,
                0.5124769806861877
            ],
            [
                0.9951834082603455,
                -0.024355649948120117,
                0.09495654702186584,
                0.0902133360505104
            ],
            [
                -0.009741425514221191,
                -0.9884203672409058,
                -0.1514277458190918,
                0.45047876238822937
            ],
            [
                0.0,
                0.0,
                0.0,
                1.0
            ]
        ],
        "lidar_path": null,
        "T_camera_lidar": null
    },
    {
        "image_path": "/media/scratch1/mroncoroni/groundtruth/replica/room_1/500_frames_continuous/frames/frame000018.jpg",
        "T_pointcloud_camera": [
            [
                0.10606110095977783,
                0.13569924235343933,
                -0.9850567579269409,
                0.4926779866218567
            ],
            [
                0.9943111538887024,
                -0.004693703725934029,
                0.1064109280705452,
                0.09261294454336166
            ],
            [
                0.009816317819058895,
                -0.9907389879226685,
                -0.13542509078979492,
                0.4404289722442627
            ],
            [
                0.0,
                0.0,
                0.0,
                1.0
            ]
        ],
        "camera_intrinsics": [
            [
                400.0,
                0.0,
                360.0
            ],
            [
                0.0,
                400.0,
                202.5
            ],
            [
                0.0,
                0.0,
