[
    {
        "image_path": "/home/mroncoroni/colmap_projects/replica/room_1_high_quality_500_frames/images/frame000001.jpg",
        "T_pointcloud_camera": [
            [
                0.05976113677024841,
                0.4443340003490448,
                -0.893865704536438,
                0.38373541831970215
            ],
            [
                0.9982126951217651,
                -0.026577766984701157,
                0.05352585017681122,
                -0.08128172159194946
            ],
            [
                2.6400935894344002e-05,
                -0.8954668641090393,
                -0.4451281726360321,
                0.41475555300712585
            ],
            [
                0.0,
                0.0,
                0.0,
                1.0
            ]
        ],
        "camera_intrinsics": [
            [
                400.0,
                0.0,
                360.0
            ],
            [
                0.0,
                400.0,
                202.5
            ],
            [
                0.0,
                0.0,
                1.0
            ]
        ],
        "camera_height": 405,
        "camera_width": 720,
        "camera_id": 0,
        "depth_path": "/home/mroncoroni/depth/depth000001.png"
    },
    {
        "image_path": "/home/mroncoroni/colmap_projects/replica/room_1_high_quality_500_frames/images/frame000002.jpg",
        "T_pointcloud_camera": [
            [
                0.059737931936979294,
                0.44391360878944397,
                -0.8940761089324951,
                0.3837915360927582
            ],
            [
                0.998214066028595,
                -0.026471812278032303,
                0.0535525418817997,
                -0.07592226564884186
            ],
            [
                0.00010488778207218274,
                -0.8956784605979919,
                -0.4447021782398224,
                0.4123298227787018
            ],
            [
                0.0,
                0.0,
                0.0,
                1.0
            ]
        ],
        "camera_intrinsics": [
            [
                400.0,
                0.0,
                360.0
            ],
            [
                0.0,
                400.0,
                202.5
            ],
            [
                0.0,
                0.0,
                1.0
            ]
        ],
        "camera_height": 405,
        "camera_width": 720,
        "camera_id": 0,
        "depth_path": "/home/mroncoroni/depth/depth000002.png"
    },
    {
        "image_path": "/home/mroncoroni/colmap_projects/replica/room_1_high_quality_500_frames/images/frame000003.jpg",
        "T_pointcloud_camera": [
            [
                0.05967474356293678,
                0.44322043657302856,
                -0.8944241404533386,
                0.38388320803642273
            ],
            [
                0.9982178211212158,
                -0.026285894215106964,
                0.053574077785015106,
                -0.06717392057180405
            ],
            [
                0.00023438662174157798,
                -0.896027147769928,
                -0.44399914145469666,
                0.4083701968193054
            ],
            [
                0.0,
                0.0,
                0.0,
                1.0
            ]
        ],
        "camera_intrinsics": [
            [
                400.0,
                0.0,
                360.0
            ],
            [
                0.0,
                400.0,
                202.5
            ],
            [
                0.0,
                0.0,
                1.0
            ]
        ],
        "camera_height": 405,
        "camera_width": 720,
        "camera_id": 0,
        "depth_path": "/home/mroncoroni/depth/depth000003.png"
    },
    {
        "image_path": "/home/mroncoroni/colmap_projects/replica/room_1_high_quality_500_frames/images/frame000004.jpg",
        "T_pointcloud_camera": [
            [
                0.059551697224378586,
                0.44226035475730896,
                -0.8949074745178223,
                0.3840087652206421
            ],
            [
                0.9982251524925232,
                -0.02601252682507038,
                0.0535716749727726,
                -0.05518730729818344
            ],
            [
                0.00041382346535101533,
                -0.8965094089508057,
                -0.44302448630332947,
                0.4029449224472046
            ],
            [
                0.0,
                0.0,
                0.0,
                1.0
            ]
        ],
        "camera_intrinsics": [
            [
                400.0,
                0.0,
                360.0
            ],
            [
                0.0,
                400.0,
                202.5
            ],
            [
                0.0,
                0.0,
                1.0
            ]
        ],
        "camera_height": 405,
        "camera_width": 720,
        "camera_id": 0,
        "depth_path": "/home/mroncoroni/depth/depth000004.png"
    },
    {
        "image_path": "/home/mroncoroni/colmap_projects/replica/room_1_high_quality_500_frames/images/frame000005.jpg",
        "T_pointcloud_camera": [
            [
                0.05934891849756241,
                0.44103920459747314,
                -0.8955233693122864,
                0.3841666877269745
            ],
            [
                0.9982370734214783,
                -0.025644345209002495,
                0.0535263866186142,
                -0.04011303186416626
            ],
            [
                0.0006421244470402598,
                -0.8971213698387146,
                -0.4417836666107178,
                0.39612215757369995
            ],
            [
                0.0,
                0.0,
                0.0,
                1.0
            ]
        ],
        "camera_intrinsics": [
            [
                400.0,
                0.0,
                360.0
            ],
            [
                0.0,
                400.0,
                202.5
            ],
            [
                0.0,
                0.0,
                1.0
            ]
        ],
        "camera_height": 405,
        "camera_width": 720,
        "camera_id": 0,
        "depth_path": "/home/mroncoroni/depth/depth000005.png"
    },
    {
        "image_path": "/home/mroncoroni/colmap_projects/replica/room_1_high_quality_500_frames/images/frame000006.jpg",
        "T_pointcloud_camera": [
            [
                0.05904640629887581,
                0.43956252932548523,
                -0.8962690830230713,
                0.384355366230011
            ],
            [
                0.9982548356056213,
                -0.02517409436404705,
                0.05341896787285805,
                -0.022101735696196556
            ],
            [
                0.0009182155481539667,
                -0.8978591561317444,
                -0.44028186798095703,
                0.38797006011009216
            ],
            [
                0.0,
                0.0,
                0.0,
                1.0
            ]
        ],
        "camera_intrinsics": [
            [
                400.0,
                0.0,
                360.0
            ],
            [
                0.0,
                400.0,
                202.5
            ],
            [
                0.0,
                0.0,
                1.0
            ]
        ],
        "camera_height": 405,
        "camera_width": 720,
        "camera_id": 0,
        "depth_path": "/home/mroncoroni/depth/depth000006.png"
    },
    {
        "image_path": "/home/mroncoroni/colmap_projects/replica/room_1_high_quality_500_frames/images/frame000007.jpg",
        "T_pointcloud_camera": [
            [
                0.05862416326999664,
                0.4378359615802765,
                -0.8971415162086487,
                0.38457322120666504
            ],
            [
                0.998279333114624,
                -0.024594755843281746,
                0.053229980170726776,
                -0.0013040108606219292
            ],
            [
                0.0012410227209329605,
                -0.8987184166908264,
                -0.438524454832077,
                0.3785567879676819
            ],
            [
                0.0,
                0.0,
                0.0,
                1.0
            ]
        ],
        "camera_intrinsics": [
            [
                400.0,
                0.0,
                360.0
            ],
            [
                0.0,
                400.0,
                202.5
            ],
            [
                0.0,
                0.0,
                1.0
            ]
        ],
        "camera_height": 405,
        "camera_width": 720,
        "camera_id": 0,
        "depth_path": "/home/mroncoroni/depth/depth000007.png"
    },
    {
        "image_path": "/home/mroncoroni/colmap_projects/replica/room_1_high_quality_500_frames/images/frame000009.jpg",
        "T_pointcloud_camera": [
            [
                0.057340700179338455,
                0.43365368247032166,
                -0.8992533087730408,
                0.3850902318954468
            ],
            [
                0.9983526468276978,
                -0.023082204163074493,
                0.05252864211797714,
                0.048048216849565506
            ],
            [
                0.002022489672526717,
                -0.9007839560508728,
                -0.43426281213760376,
                0.35621944069862366
            ],
            [
                0.0,
                0.0,
                0.0,
                1.0
            ]
        ],
        "camera_intrinsics": [
            [
                400.0,
                0.0,
                360.0
            ],
            [
                0.0,
                400.0,
                202.5
            ],
            [
                0.0,
                0.0,
                1.0
            ]
        ],
        "camera_height": 405,
        "camera_width": 720,
        "camera_id": 0,
        "depth_path": "/home/mroncoroni/depth/depth000009.png"
    },
    {
        "image_path": "/home/mroncoroni/colmap_projects/replica/room_1_high_quality_500_frames/images/frame000010.jpg",
        "T_pointcloud_camera": [
            [
                0.05643969401717186,
                0.4312079846858978,
                -0.9004855751991272,
                0.385386198759079
            ],
            [
                0.9984029531478882,
                -0.022136589512228966,
                0.05197649076581001,
                0.07630148530006409
            ],
            [
                0.0024790007155388594,
                -0.9019809365272522,
                -0.4317687153816223,
                0.3434317111968994
            ],
            [
                0.0,
                0.0,
                0.0,
                1.0
            ]
        ],
        "camera_intrinsics": [
            [
                400.0,
                0.0,
                360.0
            ],
            [
                0.0,
                400.0,
                202.5
            ],
            [
                0.0,
                0.0,
                1.0
            ]
        ],
        "camera_height": 405,
        "camera_width": 720,
        "camera_id": 0,
        "depth_path": "/home/mroncoroni/depth/depth000010.png"
    },
    {
        "image_path": "/home/mroncoroni/colmap_projects/replica/room_1_high_quality_500_frames/images/frame000011.jpg",
        "T_pointcloud_camera": [
            [
                0.055339016020298004,
                0.42853233218193054,
                -0.9018301367759705,
                0.3857050836086273
            ],
            [
                0.9984631538391113,
                -0.0210570078343153,
                0.05126282572746277,
                0.10673869401216507
            ],
            [
                0.0029779321048408747,
                -0.903281033039093,
                -0.42903900146484375,
                0.3296554684638977
            ],
            [
                0.0,
                0.0,
                0.0,
                1.0
            ]
        ],
        "camera_intrinsics": [
            [
                400.0,
                0.0,
                360.0
            ],
            [
                0.0,
                400.0,
                202.5
            ],
            [
                0.0,
                0.0,
                1.0
            ]
        ],
        "camera_height": 405,
        "camera_width": 720,
        "camera_id": 0,
        "depth_path": "/home/mroncoroni/depth/depth000011.png"
    },
    {
        "image_path": "/home/mroncoroni/colmap_projects/replica/room_1_high_quality_500_frames/images/frame000012.jpg",
        "T_pointcloud_camera": [
            [
                0.05401875451207161,
                0.4256308972835541,
                -0.9032830595970154,
                0.3860451877117157
            ],
            [
                0.9985337257385254,
                -0.01983828842639923,
                0.05036711320281029,
                0.13920924067497253
            ],
            [
                0.003518209094181657,
                -0.9046793580055237,
                -0.4260784387588501,
                0.31495895981788635
            ],
            [
                0.0,
                0.0,
                0.0,
                1.0
            ]
        ],
        "camera_intrinsics": [
            [
                400.0,
                0.0,
                360.0
            ],
            [
                0.0,
                400.0,
                202.5
            ],
            [
                0.0,
                0.0,
                1.0
            ]
        ],
        "camera_height": 405,
        "camera_width": 720,
        "camera_id": 0,
        "depth_path": "/home/mroncoroni/depth/depth000012.png"
    },
    {
        "image_path": "/home/mroncoroni/colmap_projects/replica/room_1_high_quality_500_frames/images/frame000013.jpg",
        "T_pointcloud_camera": [
            [
                0.0524589829146862,
                0.4225081205368042,
                -0.9048397541046143,
                0.3864050805568695
            ],
            [
                0.9986146688461304,
                -0.018475767225027084,
                0.049268558621406555,
                0.17356252670288086
            ],
            [
                0.004098756704479456,
                -0.9061707854270935,
                -0.4228920042514801,
                0.29941031336784363
            ],
            [
                0.0,
                0.0,
                0.0,
                1.0
            ]
        ],
        "camera_intrinsics": [
            [
                400.0,
                0.0,
                360.0
            ],
            [
                0.0,
                400.0,
                202.5
            ],
            [
                0.0,
                0.0,
                1.0
            ]
        ],
        "camera_height": 405,
        "camera_width": 720,
        "camera_id": 0,
        "depth_path": "/home/mroncoroni/depth/depth000013.png"
    },
    {
        "image_path": "/home/mroncoroni/colmap_projects/replica/room_1_high_quality_500_frames/images/frame000014.jpg",
        "T_pointcloud_camera": [
            [
                0.050639644265174866,
                0.4191678464412689,
                -0.9064953923225403,
                0.38678309321403503
            ],
            [
                0.9987058639526367,
                -0.016965245828032494,
                0.04794599488377571,
                0.20964786410331726
            ],
            [
                0.00471850112080574,
                -0.9077502489089966,
                -0.4194844961166382,
                0.2830777168273926
            ],
            [
                0.0,
                0.0,
                0.0,
                1.0
            ]
        ],
        "camera_intrinsics": [
            [
                400.0,
                0.0,
                360.0
            ],
            [
                0.0,
                400.0,
                202.5
            ],
            [
                0.0,
                0.0,
                1.0
            ]
        ],
        "camera_height": 405,
        "camera_width": 720,
        "camera_id": 0,
        "depth_path": "/home/mroncoroni/depth/depth000014.png"
    },
    {
        "image_path": "/home/mroncoroni/colmap_projects/replica/room_1_high_quality_500_frames/images/frame000015.jpg",
        "T_pointcloud_camera": [
            [
                0.04854067042469978,
                0.4156138598918915,
                -0.9082449674606323,
                0.3871777057647705
            ],
            [
                0.9988067150115967,
                -0.015303099527955055,
                0.04637798294425011,
                0.2473146915435791
            ],
            [
                0.005376368761062622,
                -0.9094124436378479,
                -0.41586074233055115,
                0.2660292685031891
            ],
            [
                0.0,
                0.0,
                0.0,
                1.0
            ]
        ],
        "camera_intrinsics": [
            [
                400.0,
                0.0,
                360.0
            ],
            [
                0.0,
                400.0,
                202.5
            ],
            [
                0.0,
                0.0,
                1.0
            ]
        ],
        "camera_height": 405,
        "camera_width": 720,
        "camera_id": 0,
        "depth_path": "/home/mroncoroni/depth/depth000015.png"
    },
    {
        "image_path": "/home/mroncoroni/colmap_projects/replica/room_1_high_quality_500_frames/images/frame000017.jpg",
        "T_pointcloud_camera": [
            [
                0.04342372715473175,
                0.4078781306743622,
                -0.912003219127655,
                0.38801026344299316
            ],
            [
                0.9990335702896118,
                -0.011512577533721924,
                0.04241874814033508,
                0.32679033279418945
            ],
            [
                0.006802171468734741,
                -0.9129638075828552,
                -0.4079838693141937,
                0.2300577461719513
            ],
            [
                0.0,
                0.0,
                0.0,
                1.0
            ]
        ],
        "camera_intrinsics": [
            [
                400.0,
                0.0,
                360.0
            ],
            [
                0.0,
                400.0,
                202.5
            ],
            [
                0.0,
                0.0,
                1.0
            ]
        ],
        "camera_height": 405,
        "camera_width": 720,
        "camera_id": 0,
        "depth_path": "/home/mroncoroni/depth/depth000017.png"
    },
    {
        "image_path": "/home/mroncoroni/colmap_projects/replica/room_1_high_quality_500_frames/images/frame000018.jpg",
        "T_pointcloud_camera": [
            [
                0.040365803986787796,
                0.4037023186683655,
                -0.9139994978904724,
                0.38844507932662964
            ],
            [
                0.9991562962532043,
                -0.009380193427205086,
                0.03998354822397232,
                0.3682979941368103
            ],
            [
                0.007567959371954203,
                -0.9148423075675964,
                -0.4037403464317322,
                0.21127092838287354
            ],
            [
                0.0,
                0.0,
                0.0,
                1.0
            ]
        ],
        "camera_intrinsics": [
            [
                400.0,
                0.0,
                360.0
            ],
            [
                0.0,
                400.0,
                202.5
            ],
            [
                0.0,
                0.0,
                1.0
            ]
        ],
        "camera_height": 405,
        "camera_width": 720,
        "camera_id": 0,
        "depth_path": "/home/mroncoroni/depth/depth000018.png"
    },
    {
        "image_path": "/home/mroncoroni/colmap_projects/replica/room_1_high_quality_500_frames/images/frame000019.jpg",
        "T_pointcloud_camera": [
            [
                0.03694799169898033,
                0.3993246555328369,
                -0.9160647988319397,
                0.3888901472091675
            ],
            [
                0.99928218126297,
                -0.007088093552738428,
                0.03721463680267334,
                0.41078460216522217
            ],
            [
                0.0083675691857934,
                -0.9167822003364563,
                -0.39929988980293274,
                0.1920410394668579
            ],
            [
                0.0,
                0.0,
                0.0,
                1.0
            ]
        ],
        "camera_intrinsics": [
            [
                400.0,
                0.0,
                360.0
            ],
            [
                0.0,
                400.0,
                202.5
            ],
            [
                0.0,
                0.0,
                1.0
            ]
        ],
        "camera_height": 405,
        "camera_width": 720,
        "camera_id": 0,
        "depth_path": "/home/mroncoroni/depth/depth000019.png"
    },
    {
        "image_path": "/home/mroncoroni/colmap_projects/replica/room_1_high_quality_500_frames/images/frame000020.jpg",
        "T_pointcloud_camera": [
            [
                0.03315042331814766,
                0.394747257232666,
                -0.9181914925575256,
                0.38934391736984253
            ],
            [
                0.9994080066680908,
                -0.00463609304279089,
                0.034089524298906326,
                0.45409953594207764
            ],
            [
                0.009199926629662514,
                -0.9187780618667603,
                -0.39466726779937744,
                0.17243623733520508
            ],
            [
                0.0,
                0.0,
                0.0,
                1.0
            ]
        ],
        "camera_intrinsics": [
            [
                400.0,
                0.0,
                360.0
            ],
            [
                0.0,
                400.0,
                202.5
            ],
            [
                0.0,
                0.0,
                1.0
            ]
        ],
        "camera_height": 405,
        "camera_width": 720,
        "camera_id": 0,
        "depth_path": "/home/mroncoroni/depth/depth000020.png"
    },
    {
        "image_path": "/home/mroncoroni/colmap_projects/replica/room_1_high_quality_500_frames/images/frame000021.jpg",
        "T_pointcloud_camera": [
            [
                0.028952881693840027,
                0.38997218012809753,
                -0.9203713536262512,
                0.38980475068092346
            ],
            [
                0.9995301365852356,
                -0.002024631481617689,
                0.030585184693336487,
                0.49809229373931885
            ],
            [
                0.010063959285616875,
                -0.920824408531189,
                -0.3898475766181946,
                0.15252462029457092
            ],
            [
                0.0,
                0.0,
                0.0,
                1.0
            ]
        ],
        "camera_intrinsics": [
            [
                400.0,
                0.0,
                360.0
            ],
            [
                0.0,
                400.0,
                202.5
            ],
            [
                0.0,
                0.0,
                1.0
            ]
        ],
        "camera_height": 405,
        "camera_width": 720,
        "camera_id": 0,
        "depth_path": "/home/mroncoroni/depth/depth000021.png"
    },
    {
        "image_path": "/home/mroncoroni/colmap_projects/replica/room_1_high_quality_500_frames/images/frame000022.jpg",
        "T_pointcloud_camera": [
            [
                0.024335410445928574,
                0.38500091433525085,
                -0.9225953221321106,
                0.3902711272239685
            ],
            [
                0.9996438026428223,
                0.000744964403565973,
                0.026678603142499924,
                0.5426121950149536
            ],
            [
                0.010958586819469929,
                -0.9229158759117126,
                -0.38484564423561096,
                0.13237443566322327
            ],
            [
                0.0,
                0.0,
                0.0,
                1.0
            ]
        ],
        "camera_intrinsics": [
            [
                400.0,
                0.0,
                360.0
            ],
            [
                0.0,
                400.0,
                202.5
            ],
            [
                0.0,
                0.0,
                1.0
            ]
        ],
        "camera_height": 405,
        "camera_width": 720,
        "camera_id": 0,
        "depth_path": "/home/mroncoroni/depth/depth000022.png"
    },
    {
        "image_path": "/home/mroncoroni/colmap_projects/replica/room_1_high_quality_500_frames/images/frame000023.jpg",
        "T_pointcloud_camera": [
            [
                0.01927807182073593,
                0.37983471155166626,
                -0.9248534440994263,
                0.3907414674758911
            ],
            [
                0.9997435212135315,
                0.0036705536767840385,
                0.022346602752804756,
                0.5875086784362793
            ],
            [
                0.011882740072906017,
                -0.9250470995903015,
                -0.3796665668487549,
                0.11205379664897919
            ],
            [
                0.0,
                0.0,
                0.0,
                1.0
            ]
        ],
        "camera_intrinsics": [
            [
                400.0,
                0.0,
                360.0
            ],
            [
                0.0,
                400.0,
                202.5
            ],
            [
                0.0,
                0.0,
                1.0
            ]
        ],
        "camera_height": 405,
        "camera_width": 720,
        "camera_id": 0,
        "depth_path": "/home/mroncoroni/depth/depth000023.png"
    },
    {
        "image_path": "/home/mroncoroni/colmap_projects/replica/room_1_high_quality_500_frames/images/frame000025.jpg",
        "T_pointcloud_camera": [
            [
                0.007763714995235205,
                0.3689207136631012,
                -0.9294284582138062,
                0.39168763160705566
            ],
            [
                0.9998744130134583,
                0.009977106004953384,
                0.012312406674027443,
                0.6778289079666138
            ],
            [
                0.01381530798971653,
                -0.9294072985649109,
                -0.3687969446182251,
                0.07117395102977753
            ],
            [
                0.0,
                0.0,
                0.0,
                1.0
            ]
        ],
        "camera_intrinsics": [
            [
                400.0,
                0.0,
                360.0
            ],
            [
                0.0,
                400.0,
                202.5
            ],
            [
                0.0,
                0.0,
                1.0
            ]
        ],
        "camera_height": 405,
        "camera_width": 720,
        "camera_id": 0,
        "depth_path": "/home/mroncoroni/depth/depth000025.png"
    },
    {
        "image_path": "/home/mroncoroni/colmap_projects/replica/room_1_high_quality_500_frames/images/frame000026.jpg",
        "T_pointcloud_camera": [
            [
                0.001267011510208249,
                0.3631737530231476,
                -0.9317205548286438,
                0.3921603262424469
            ],
            [
                0.9998893737792969,
                0.013349490240216255,
                0.0065631866455078125,
                0.7229512333869934
            ],
            [
                0.014821571297943592,
                -0.9316257834434509,
                -0.36311665177345276,
                0.05075107514858246
            ],
            [
                0.0,
                0.0,
                0.0,
                1.0
            ]
        ],
        "camera_intrinsics": [
            [
                400.0,
                0.0,
                360.0
            ],
            [
                0.0,
                400.0,
                202.5
            ],
            [
                0.0,
                0.0,
                1.0
            ]
        ],
        "camera_height": 405,
        "camera_width": 720,
        "camera_id": 0,
        "depth_path": "/home/mroncoroni/depth/depth000026.png"
    },
    {
        "image_path": "/home/mroncoroni/colmap_projects/replica/room_1_high_quality_500_frames/images/frame000027.jpg",
        "T_pointcloud_camera": [
            [
                -0.00574899185448885,
                0.3572336733341217,
                -0.9339973330497742,
                0.3926306366920471
            ],
            [
                0.9998577833175659,
                0.016860710456967354,
                0.0002944755833595991,
                0.7678477168083191
            ],
            [
                0.01585305482149124,
                -0.9338628649711609,
                -0.35727983713150024,
                0.030430465936660767
            ],
            [
                0.0,
                0.0,
                0.0,
                1.0
            ]
        ],
        "camera_intrinsics": [
            [
                400.0,
                0.0,
                360.0
            ],
            [
                0.0,
                400.0,
                202.5
            ],
            [
                0.0,
                0.0,
                1.0
            ]
        ],
        "camera_height": 405,
        "camera_width": 720,
        "camera_id": 0,
        "depth_path": "/home/mroncoroni/depth/depth000027.png"
    },
    {
        "image_path": "/home/mroncoroni/colmap_projects/replica/room_1_high_quality_500_frames/images/frame000028.jpg",
        "T_pointcloud_camera": [
            [
                -0.013303889892995358,
                0.35110002756118774,
                -0.9362434148788452,
                0.39309701323509216
            ],
            [
                0.9997684955596924,
                0.020504185929894447,
                -0.006517311092466116,
                0.8123676180839539
            ],
            [
                0.016908681020140648,
                -0.9361134171485901,
                -0.3512915372848511,
                0.010280296206474304
            ],
            [
                0.0,
                0.0,
                0.0,
                1.0
            ]
        ],
        "camera_intrinsics": [
            [
                400.0,
                0.0,
                360.0
            ],
            [
                0.0,
                400.0,
                202.5
            ],
            [
                0.0,
                0.0,
                1.0
            ]
        ],
        "camera_height": 405,
        "camera_width": 720,
        "camera_id": 0,
        "depth_path": "/home/mroncoroni/depth/depth000028.png"
    },
    {
        "image_path": "/home/mroncoroni/colmap_projects/replica/room_1_high_quality_500_frames/images/frame000029.jpg",
        "T_pointcloud_camera": [
            [
                -0.02141696773469448,
                0.3447721600532532,
                -0.938442051410675,
                0.3935578465461731
            ],
            [
                0.9996088147163391,
                0.024272333830595016,
                -0.013895547017455101,
                0.8563604950904846
            ],
            [
                0.017987379804253578,
                -0.9383725523948669,
                -0.34515711665153503,
                -0.00963139533996582
            ],
            [
                0.0,
                0.0,
                0.0,
                1.0
            ]
        ],
        "camera_intrinsics": [
            [
                400.0,
                0.0,
                360.0
            ],
            [
                0.0,
                400.0,
                202.5
            ],
            [
                0.0,
                0.0,
                1.0
            ]
        ],
        "camera_height": 405,
        "camera_width": 720,
        "camera_id": 0,
        "depth_path": "/home/mroncoroni/depth/depth000029.png"
    },
    {
        "image_path": "/home/mroncoroni/colmap_projects/replica/room_1_high_quality_500_frames/images/frame000030.jpg",
        "T_pointcloud_camera": [
            [
                -0.030107397586107254,
                0.3382495641708374,
                -0.9405747056007385,
                0.39401161670684814
            ],
            [
                0.9993643760681152,
                0.028156613931059837,
                -0.02186354622244835,
                0.8996753692626953
            ],
            [
                0.01908806525170803,
                -0.9406351447105408,
                -0.33888229727745056,
                -0.029236167669296265
            ],
            [
                0.0,
                0.0,
                0.0,
                1.0
            ]
        ],
        "camera_intrinsics": [
            [
                400.0,
                0.0,
                360.0
            ],
            [
                0.0,
                400.0,
                202.5
            ],
            [
                0.0,
                0.0,
                1.0
            ]
        ],
        "camera_height": 405,
        "camera_width": 720,
        "camera_id": 0,
        "depth_path": "/home/mroncoroni/depth/depth000030.png"
    },
    {
        "image_path": "/home/mroncoroni/colmap_projects/replica/room_1_high_quality_500_frames/images/frame000031.jpg",
        "T_pointcloud_camera": [
            [
                -0.03939405456185341,
                0.33153119683265686,
                -0.9426214694976807,
                0.394456684589386
            ],
            [
                0.9990193843841553,
                0.03214750438928604,
                -0.030444378033280373,
                0.9421618580818176
            ],
            [
                0.02020966447889805,
                -0.9428963661193848,
                -0.3324725031852722,
                -0.048465996980667114
            ],
            [
                0.0,
                0.0,
                0.0,
                1.0
            ]
        ],
        "camera_intrinsics": [
            [
                400.0,
                0.0,
                360.0
            ],
            [
                0.0,
                400.0,
                202.5
            ],
            [
                0.0,
                0.0,
                1.0
            ]
        ],
        "camera_height": 405,
        "camera_width": 720,
        "camera_id": 0,
        "depth_path": "/home/mroncoroni/depth/depth000031.png"
    },
    {
        "image_path": "/home/mroncoroni/colmap_projects/replica/room_1_high_quality_500_frames/images/frame000033.jpg",
        "T_pointcloud_camera": [
            [
                -0.059829238802194595,
                0.31750205159187317,
                -0.9463682770729065,
                0.3953145146369934
            ],
            [
                0.997954785823822,
                0.04040566831827164,
                -0.049534618854522705,
                1.0240474939346313
            ],
            [
                0.022511299699544907,
                -0.9473963379859924,
                -0.3192701041698456,
                -0.08552831411361694
            ],
            [
                0.0,
                0.0,
                0.0,
                1.0
            ]
        ],
        "camera_intrinsics": [
            [
                400.0,
                0.0,
                360.0
            ],
            [
                0.0,
                400.0,
                202.5
            ],
            [
                0.0,
                0.0,
                1.0
            ]
        ],
        "camera_height": 405,
        "camera_width": 720,
        "camera_id": 0,
        "depth_path": "/home/mroncoroni/depth/depth000033.png"
    },
    {
        "image_path": "/home/mroncoroni/colmap_projects/replica/room_1_high_quality_500_frames/images/frame000034.jpg",
        "T_pointcloud_camera": [
            [
                -0.0710134357213974,
                0.31018880009651184,
                -0.9480189681053162,
                0.3957240879535675
            ],
            [
                0.9971939921379089,
                0.04464872181415558,
                -0.060088083148002625,
                1.0631451606750488
            ],
            [
                0.023689186200499535,
                -0.9496259093284607,
                -0.3124890625476837,
                -0.10322433710098267
            ],
            [
                0.0,
                0.0,
                0.0,
                1.0
            ]
        ],
        "camera_intrinsics": [
            [
                400.0,
                0.0,
                360.0
            ],
            [
                0.0,
                400.0,
                202.5
            ],
            [
                0.0,
                0.0,
                1.0
            ]
        ],
        "camera_height": 405,
        "camera_width": 720,
        "camera_id": 0,
        "depth_path": "/home/mroncoroni/depth/depth000034.png"
    },
    {
        "image_path": "/home/mroncoroni/colmap_projects/replica/room_1_high_quality_500_frames/images/frame000035.jpg",
        "T_pointcloud_camera": [
            [
                -0.08286479860544205,
                0.30267471075057983,
                -0.9494848251342773,
                0.3961186707019806
            ],
            [
                0.9962500929832458,
                0.048949819058179855,
                -0.07134205102920532,
                1.1008118391036987
            ],
            [
                0.024883674457669258,
                -0.951836109161377,
                -0.30559593439102173,
                -0.12027272582054138
            ],
            [
                0.0,
                0.0,
                0.0,
                1.0
            ]
        ],
        "camera_intrinsics": [
            [
                400.0,
                0.0,
                360.0
            ],
            [
                0.0,
                400.0,
                202.5
            ],
            [
                0.0,
                0.0,
                1.0
            ]
        ],
        "camera_height": 405,
        "camera_width": 720,
        "camera_id": 0,
        "depth_path": "/home/mroncoroni/depth/depth000035.png"
    },
    {
        "image_path": "/home/mroncoroni/colmap_projects/replica/room_1_high_quality_500_frames/images/frame000036.jpg",
