/media/scratch1/mroncoroni/git/taichi_3d_gaussian_splatting/scripts/3dgs_playground_delta_error.py:42: UserWarning: Creating a tensor from a list of numpy.ndarrays is extremely slow. Please consider converting the list to a single numpy.ndarray with numpy.array() before converting to a tensor. (Triggered internally at /opt/conda/conda-bld/pytorch_1702400366987/work/torch/csrc/utils/tensor_new.cpp:261.)
  t = torch.tensor(
/media/scratch1/mroncoroni/git/taichi_3d_gaussian_splatting/scripts/3dgs_playground_delta_error.py:440: UserWarning: To copy construct from a tensor, it is recommended to use sourceTensor.clone().detach() or sourceTensor.clone().detach().requires_grad_(True), rather than torch.tensor(sourceTensor).
  groundtruth_T_pointcloud_camera = torch.tensor(
/home/mroncoroni/anaconda3/envs/taichi_3dgs/lib/python3.10/site-packages/taichi/lang/kernel_impl.py:763: UserWarning: The .grad attribute of a Tensor that is not a leaf Tensor is being accessed. Its .grad attribute won't be populated during autograd.backward(). If you indeed want the .grad field to be populated for a non-leaf Tensor, use .retain_grad() on the non-leaf Tensor. If you access the non-leaf Tensor by mistake, make sure you access the leaf Tensor instead. See github.com/pytorch/pytorch/pull/30531 for more informations. (Triggered internally at /opt/conda/conda-bld/pytorch_1702400366987/work/build/aten/src/ATen/core/TensorBody.h:489.)
  if v.requires_grad and v.grad is None:
[Taichi] version 1.7.0, llvm 15.0.4, commit 2fd24490, linux, python 3.10.13
Opening parquet file  logs/replica_colmap/room_1_high_quality_500_frames_noisy_lidar/scene_30000.parquet
[Taichi] Starting on arch=cuda
=================Image 0========================
Loading image /media/scratch1/mroncoroni/groundtruth/replica/room_1/50_frames_test/frames/frame000000.jpg
Loading image /media/scratch1/mroncoroni/groundtruth/replica/room_1/50_frames_test/depth/depth000000.png
Ground truth q: 
	 tensor([[ 0.5559,  0.5086, -0.4390, -0.4895]], device='cuda:0')
Ground truth t: 
	 tensor([[0.6715, 0.3076, 0.4255]], device='cuda:0')
Ground truth transformation world to camera, in camera frame: 
	 tensor([[[ 0.0972,  0.1357, -0.9860,  0.6715],
         [ 0.9952, -0.0035,  0.0976,  0.3076],
         [ 0.0098, -0.9907, -0.1354,  0.4255],
         [ 0.0000,  0.0000,  0.0000,  1.0000]]], device='cuda:0')
Delta array:
	[[ 0.00993428]
 [-0.00276529]
 [ 0.01295377]
 [ 0.07615149]
 [-0.01170767]
 [-0.01170685]]
Initial pose:
	<Pose3 [0.5561353169180633, 0.5034937587771996, -0.4454470496767888, -0.48865585958949004, 0.7476354267460299, 0.29594087080698506, 0.413795363008025]>
Initial pose:
	<Pose3 [0.5561353169180633, 0.5034937587771996, -0.4454470496767888, -0.48865585958949004, 0.7476354267460299, 0.29594087080698506, 0.413795363008025]>
Current pose (after coarse refinement):
	<Pose3 [0.5561353162228941, 0.5034937581478324, -0.44544704911997995, -0.4886558589786702, 0.7476354267460299, 0.29594087080698506, 0.413795363008025]>
Ground truth pose:
	<Pose3 [0.5558983, 0.50861543, -0.43899703, -0.48945796, 0.6714839339256287, 0.30764853954315186, 0.425502210855484]>
============== epoch 0 ==========================
loss:0.11201851069927216
Initial pose:
	<Pose3 [0.5561353169180633, 0.5034937587771996, -0.4454470496767888, -0.48865585958949004, 0.7476354267460299, 0.29594087080698506, 0.413795363008025]>
Current pose:
	<Pose3 [0.5561353162228941, 0.5034937581478324, -0.44544704911997995, -0.4886558589786702, 0.7476354267460299, 0.29594087080698506, 0.413795363008025]>
Ground truth pose:
	<Pose3 [0.5558983, 0.50861543, -0.43899703, -0.48945796, 0.6714839339256287, 0.30764853954315186, 0.425502210855484]>
T_pointcloud_camera_current:  [[ 0.09614192  0.1246807  -0.98752802  0.74763543]
 [ 0.99536194 -0.01541913  0.09495794  0.29594087]
 [-0.00338732 -0.99207718 -0.12558491  0.41379536]
 [ 0.          0.          0.          1.        ]]
T_pointcloud_camera_groundtruth:  tensor([[[ 0.0972,  0.1357, -0.9860,  0.6715],
         [ 0.9952, -0.0035,  0.0976,  0.3076],
         [ 0.0098, -0.9907, -0.1354,  0.4255],
         [ 0.0000,  0.0000,  0.0000,  1.0000]]], device='cuda:0')
============== epoch 100 ==========================
loss:0.06290969997644424
Initial pose:
	<Pose3 [0.5561353169180633, 0.5034937587771996, -0.4454470496767888, -0.48865585958949004, 0.7476354267460299, 0.29594087080698506, 0.413795363008025]>
Current pose:
	<Pose3 [0.5575782938444805, 0.5088080374937041, -0.4372734514217238, -0.4888893866971794, 0.6949857983750296, 0.29054330281581775, 0.4230685390895036]>
Ground truth pose:
	<Pose3 [0.5558983, 0.50861543, -0.43899703, -0.48945796, 0.6714839339256287, 0.30764853954315186, 0.425502210855484]>
T_pointcloud_camera_current:  [[ 0.09932476  0.13975845 -0.98519151  0.69590269]
 [ 0.99500624 -0.00413421  0.09972787  0.29019077]
 [ 0.0098649  -0.99017707 -0.13947122  0.42301066]
 [ 0.          0.          0.          1.        ]]
T_pointcloud_camera_groundtruth:  tensor([[[ 0.0972,  0.1357, -0.9860,  0.6715],
         [ 0.9952, -0.0035,  0.0976,  0.3076],
         [ 0.0098, -0.9907, -0.1354,  0.4255],
         [ 0.0000,  0.0000,  0.0000,  1.0000]]], device='cuda:0')
============== epoch 200 ==========================
loss:0.04723312705755234
Initial pose:
	<Pose3 [0.5561353169180633, 0.5034937587771996, -0.4454470496767888, -0.48865585958949004, 0.7476354267460299, 0.29594087080698506, 0.413795363008025]>
Current pose:
	<Pose3 [0.5579037223339874, 0.5093713468409059, -0.4363184535373739, -0.4887847698673355, 0.6795805867773486, 0.29086253318604127, 0.4223841064041284]>
Ground truth pose:
	<Pose3 [0.5558983, 0.50861543, -0.43899703, -0.48945796, 0.6714839339256287, 0.30764853954315186, 0.425502210855484]>
T_pointcloud_camera_current:  [[ 0.10036107  0.14176132 -0.98480024  0.6796263 ]
 [ 0.99488883 -0.00322084  0.10092565  0.29056917]
 [ 0.01113554 -0.98989571 -0.14136006  0.42242255]
 [ 0.          0.          0.          1.        ]]
T_pointcloud_camera_groundtruth:  tensor([[[ 0.0972,  0.1357, -0.9860,  0.6715],
         [ 0.9952, -0.0035,  0.0976,  0.3076],
         [ 0.0098, -0.9907, -0.1354,  0.4255],
         [ 0.0000,  0.0000,  0.0000,  1.0000]]], device='cuda:0')
============== epoch 300 ==========================
loss:0.046473558992147446
Initial pose:
	<Pose3 [0.5561353169180633, 0.5034937587771996, -0.4454470496767888, -0.48865585958949004, 0.7476354267460299, 0.29594087080698506, 0.413795363008025]>
Current pose:
	<Pose3 [0.556984469534939, 0.5095815867666008, -0.4360267715679941, -0.4898730836956255, 0.6799635168177081, 0.29165615925233856, 0.4146607598187205]>
Ground truth pose:
	<Pose3 [0.5558983, 0.50861543, -0.43899703, -0.48945796, 0.6714839339256287, 0.30764853954315186, 0.425502210855484]>
T_pointcloud_camera_current:  [[ 1.00440643e-01  1.40559512e-01 -9.84964384e-01  6.80235590e-01]
 [ 9.94849813e-01 -6.30606028e-04  1.01358796e-01  2.91599262e-01]
 [ 1.36258927e-02 -9.90072108e-01 -1.39899000e-01  4.14853459e-01]
 [ 0.00000000e+00  0.00000000e+00  0.00000000e+00  1.00000000e+00]]
T_pointcloud_camera_groundtruth:  tensor([[[ 0.0972,  0.1357, -0.9860,  0.6715],
         [ 0.9952, -0.0035,  0.0976,  0.3076],
         [ 0.0098, -0.9907, -0.1354,  0.4255],
         [ 0.0000,  0.0000,  0.0000,  1.0000]]], device='cuda:0')
============== epoch 400 ==========================
loss:0.0440434105694294
Initial pose:
	<Pose3 [0.5561353169180633, 0.5034937587771996, -0.4454470496767888, -0.48865585958949004, 0.7476354267460299, 0.29594087080698506, 0.413795363008025]>
Current pose:
	<Pose3 [0.5562806461234225, 0.5099163005419429, -0.4369194349936744, -0.4895290522972837, 0.674043680356164, 0.2984945312295486, 0.4110703417928693]>
Ground truth pose:
	<Pose3 [0.5558983, 0.50861543, -0.43899703, -0.48945796, 0.6714839339256287, 0.30764853954315186, 0.425502210855484]>
T_pointcloud_camera_current:  [[ 9.81011279e-02  1.39478873e-01 -9.85353719e-01  6.73597622e-01]
 [ 9.95090098e-01 -6.99751701e-04  9.89715118e-02  2.98358612e-01]
 [ 1.31150064e-02 -9.90224877e-01 -1.38862750e-01  4.11366542e-01]
 [ 0.00000000e+00  0.00000000e+00  0.00000000e+00  1.00000000e+00]]
T_pointcloud_camera_groundtruth:  tensor([[[ 0.0972,  0.1357, -0.9860,  0.6715],
         [ 0.9952, -0.0035,  0.0976,  0.3076],
         [ 0.0098, -0.9907, -0.1354,  0.4255],
         [ 0.0000,  0.0000,  0.0000,  1.0000]]], device='cuda:0')
============== epoch 500 ==========================
loss:0.04161735251545906
Initial pose:
	<Pose3 [0.5561353169180633, 0.5034937587771996, -0.4454470496767888, -0.48865585958949004, 0.7476354267460299, 0.29594087080698506, 0.413795363008025]>
Current pose:
	<Pose3 [0.5563558935626465, 0.5095787332598252, -0.4371937267200325, -0.48955015693206083, 0.675138356910367, 0.30122301393788353, 0.40964909441674024]>
Ground truth pose:
	<Pose3 [0.5558983, 0.50861543, -0.43899703, -0.48945796, 0.6714839339256287, 0.30764853954315186, 0.425502210855484]>
T_pointcloud_camera_current:  [[ 0.09842553  0.13891189 -0.98540146  0.67528249]
 [ 0.99506688 -0.00137212  0.09919761  0.30118524]
 [ 0.01242771 -0.99030387 -0.13836173  0.40961137]
 [ 0.          0.          0.          1.        ]]
T_pointcloud_camera_groundtruth:  tensor([[[ 0.0972,  0.1357, -0.9860,  0.6715],
         [ 0.9952, -0.0035,  0.0976,  0.3076],
         [ 0.0098, -0.9907, -0.1354,  0.4255],
         [ 0.0000,  0.0000,  0.0000,  1.0000]]], device='cuda:0')
============== epoch 600 ==========================
loss:0.04121021553874016
Initial pose:
	<Pose3 [0.5561353169180633, 0.5034937587771996, -0.4454470496767888, -0.48865585958949004, 0.7476354267460299, 0.29594087080698506, 0.413795363008025]>
Current pose:
	<Pose3 [0.5568974807660256, 0.5099122346126961, -0.4370996951660841, -0.48867027935264956, 0.6729966949683619, 0.30206699708145157, 0.41370562225630636]>
Ground truth pose:
	<Pose3 [0.5558983, 0.50861543, -0.43899703, -0.48945796, 0.6714839339256287, 0.30764853954315186, 0.425502210855484]>
T_pointcloud_camera_current:  [[ 0.09793511  0.14075076 -0.98518936  0.67310831]
 [ 0.99512626 -0.00239641  0.09858064  0.30198837]
 [ 0.01151446 -0.99004224 -0.14029953  0.41368433]
 [ 0.          0.          0.          1.        ]]
T_pointcloud_camera_groundtruth:  tensor([[[ 0.0972,  0.1357, -0.9860,  0.6715],
         [ 0.9952, -0.0035,  0.0976,  0.3076],
         [ 0.0098, -0.9907, -0.1354,  0.4255],
         [ 0.0000,  0.0000,  0.0000,  1.0000]]], device='cuda:0')
============== epoch 700 ==========================
loss:0.041423723101615906
Initial pose:
	<Pose3 [0.5561353169180633, 0.5034937587771996, -0.4454470496767888, -0.48865585958949004, 0.7476354267460299, 0.29594087080698506, 0.413795363008025]>
Current pose:
	<Pose3 [0.556602930216382, 0.510139305598522, -0.43705359207974825, -0.48881008698299794, 0.6731199797254992, 0.3040018029664089, 0.41373012280665933]>
Ground truth pose:
	<Pose3 [0.5558983, 0.50861543, -0.43899703, -0.48945796, 0.6714839339256287, 0.30764853954315186, 0.425502210855484]>
T_pointcloud_camera_current:  [[ 0.09753529  0.14043239 -0.98527445  0.67289614]
 [ 0.99515798 -0.00167675  0.09827479  0.3039437 ]
 [ 0.01214898 -0.99008893 -0.13991602  0.41395955]
 [ 0.          0.          0.          1.        ]]
T_pointcloud_camera_groundtruth:  tensor([[[ 0.0972,  0.1357, -0.9860,  0.6715],
         [ 0.9952, -0.0035,  0.0976,  0.3076],
         [ 0.0098, -0.9907, -0.1354,  0.4255],
         [ 0.0000,  0.0000,  0.0000,  1.0000]]], device='cuda:0')
============== epoch 800 ==========================
loss:0.04239654913544655
Initial pose:
	<Pose3 [0.5561353169180633, 0.5034937587771996, -0.4454470496767888, -0.48865585958949004, 0.7476354267460299, 0.29594087080698506, 0.413795363008025]>
Current pose:
	<Pose3 [0.5569986172414287, 0.5094544568061751, -0.4377021395176536, -0.4884932040686509, 0.6738120120030833, 0.30424565581273333, 0.4116740639684525]>
Ground truth pose:
	<Pose3 [0.5558983, 0.50861543, -0.43899703, -0.48945796, 0.6714839339256287, 0.30764853954315186, 0.425502210855484]>
T_pointcloud_camera_current:  [[ 0.0976954   0.13985021 -0.9853414   0.67387577]
 [ 0.99516575 -0.00373593  0.09813932  0.30419046]
 [ 0.01004371 -0.9901657  -0.13953918  0.41164901]
 [ 0.          0.          0.          1.        ]]
T_pointcloud_camera_groundtruth:  tensor([[[ 0.0972,  0.1357, -0.9860,  0.6715],
         [ 0.9952, -0.0035,  0.0976,  0.3076],
         [ 0.0098, -0.9907, -0.1354,  0.4255],
         [ 0.0000,  0.0000,  0.0000,  1.0000]]], device='cuda:0')
============== epoch 900 ==========================
loss:0.041023071855306625
Initial pose:
	<Pose3 [0.5561353169180633, 0.5034937587771996, -0.4454470496767888, -0.48865585958949004, 0.7476354267460299, 0.29594087080698506, 0.413795363008025]>
Current pose:
	<Pose3 [0.5568380307412759, 0.5097825660114759, -0.43744709030236606, -0.48856244495976103, 0.6728213530045939, 0.3053128471751143, 0.4127251490382281]>
Ground truth pose:
	<Pose3 [0.5558983, 0.50861543, -0.43899703, -0.48945796, 0.6714839339256287, 0.30764853954315186, 0.425502210855484]>
T_pointcloud_camera_current:  [[ 0.09750982  0.14032933 -0.98529166  0.67297071]
 [ 0.99517443 -0.00285875  0.0980808   0.30534576]
 [ 0.01094698 -0.99010083 -0.13993098  0.41269939]
 [ 0.          0.          0.          1.        ]]
T_pointcloud_camera_groundtruth:  tensor([[[ 0.0972,  0.1357, -0.9860,  0.6715],
         [ 0.9952, -0.0035,  0.0976,  0.3076],
         [ 0.0098, -0.9907, -0.1354,  0.4255],
         [ 0.0000,  0.0000,  0.0000,  1.0000]]], device='cuda:0')
=================Image 1========================
Loading image /media/scratch1/mroncoroni/groundtruth/replica/room_1/50_frames_test/frames/frame000001.jpg
Loading image /media/scratch1/mroncoroni/groundtruth/replica/room_1/50_frames_test/depth/depth000001.png
Ground truth q: 
	 tensor([[ 0.5585,  0.5058, -0.4365, -0.4917]], device='cuda:0')
Ground truth t: 
	 tensor([[0.6578, 0.2843, 0.4274]], device='cuda:0')
Ground truth transformation world to camera, in camera frame: 
	 tensor([[[ 0.1074,  0.1357, -0.9849,  0.6578],
         [ 0.9942, -0.0049,  0.1077,  0.2843],
         [ 0.0098, -0.9907, -0.1354,  0.4274],
         [ 0.0000,  0.0000,  0.0000,  1.0000]]], device='cuda:0')
Delta array:
	[[ 0.03158426]
 [ 0.01534869]
 [-0.00938949]
 [ 0.027128  ]
 [-0.02317088]
 [-0.02328649]]
Initial pose:
	<Pose3 [0.5516147465772813, 0.49763368276144565, -0.4378044773892662, -0.5063686242434449, 0.68497504903141, 0.2611519136114826, 0.40412852563478063]>
Initial pose:
	<Pose3 [0.5516147465772813, 0.49763368276144565, -0.4378044773892662, -0.5063686242434449, 0.68497504903141, 0.2611519136114826, 0.40412852563478063]>
Current pose (after coarse refinement):
	<Pose3 [0.5516147458877628, 0.49763368213940357, -0.4378044768420106, -0.5063686236104841, 0.68497504903141, 0.2611519136114826, 0.40412852563478063]>
Ground truth pose:
	<Pose3 [0.5584963, 0.50576127, -0.4364841, -0.49170023, 0.6578470468521118, 0.2843227982521057, 0.42741501331329346]>
============== epoch 0 ==========================
loss:0.13764433562755585
Initial pose:
	<Pose3 [0.5516147465772813, 0.49763368276144565, -0.4378044773892662, -0.5063686242434449, 0.68497504903141, 0.2611519136114826, 0.40412852563478063]>
Current pose:
	<Pose3 [0.5516147458877628, 0.49763368213940357, -0.4378044768420106, -0.5063686236104841, 0.68497504903141, 0.2611519136114826, 0.40412852563478063]>
Ground truth pose:
	<Pose3 [0.5584963, 0.50576127, -0.4364841, -0.49170023, 0.6578470468521118, 0.2843227982521057, 0.42741501331329346]>
T_pointcloud_camera_current:  [[ 0.12137592  0.10562325 -0.98697098  0.68497505]
 [ 0.99238505  0.00809682  0.12290829  0.26115191]
 [ 0.02097335 -0.99437331 -0.10383622  0.40412853]
 [ 0.          0.          0.          1.        ]]
T_pointcloud_camera_groundtruth:  tensor([[[ 0.1074,  0.1357, -0.9849,  0.6578],
         [ 0.9942, -0.0049,  0.1077,  0.2843],
         [ 0.0098, -0.9907, -0.1354,  0.4274],
         [ 0.0000,  0.0000,  0.0000,  1.0000]]], device='cuda:0')
============== epoch 100 ==========================
loss:0.06347595900297165
Initial pose:
	<Pose3 [0.5516147465772813, 0.49763368276144565, -0.4378044773892662, -0.5063686242434449, 0.68497504903141, 0.2611519136114826, 0.40412852563478063]>
Current pose:
	<Pose3 [0.554254503137407, 0.5056766533027532, -0.43381883221171263, -0.4988931160835388, 0.6754238107627962, 0.25417998485479854, 0.3787442448041589]>
Ground truth pose:
	<Pose3 [0.5584963, 0.50576127, -0.4364841, -0.49170023, 0.6578470468521118, 0.2843227982521057, 0.42741501331329346]>
T_pointcloud_camera_current:  [[ 0.11242052  0.12751443 -0.98544497  0.67593298]
 [ 0.99338009  0.00914756  0.1145095   0.25391611]
 [ 0.02361608 -0.99179458 -0.12564196  0.37845138]
 [ 0.          0.          0.          1.        ]]
T_pointcloud_camera_groundtruth:  tensor([[[ 0.1074,  0.1357, -0.9849,  0.6578],
         [ 0.9942, -0.0049,  0.1077,  0.2843],
         [ 0.0098, -0.9907, -0.1354,  0.4274],
         [ 0.0000,  0.0000,  0.0000,  1.0000]]], device='cuda:0')
============== epoch 200 ==========================
loss:0.04916519299149513
Initial pose:
	<Pose3 [0.5516147465772813, 0.49763368276144565, -0.4378044773892662, -0.5063686242434449, 0.68497504903141, 0.2611519136114826, 0.40412852563478063]>
Current pose:
	<Pose3 [0.5565216385924142, 0.5064650150466156, -0.43471014300981436, -0.49477671557720065, 0.6644548648423289, 0.26962365029592417, 0.39515786175198864]>
Ground truth pose:
	<Pose3 [0.5584963, 0.50576127, -0.4364841, -0.49170023, 0.6578470468521118, 0.2843227982521057, 0.42741501331329346]>
T_pointcloud_camera_current:  [[ 0.10907453  0.13358808 -0.98501628  0.66440707]
 [ 0.99387987  0.00277182  0.110432    0.26977486]
 [ 0.01748274 -0.99103312 -0.13246821  0.39487739]
 [ 0.          0.          0.          1.        ]]
T_pointcloud_camera_groundtruth:  tensor([[[ 0.1074,  0.1357, -0.9849,  0.6578],
         [ 0.9942, -0.0049,  0.1077,  0.2843],
         [ 0.0098, -0.9907, -0.1354,  0.4274],
         [ 0.0000,  0.0000,  0.0000,  1.0000]]], device='cuda:0')
============== epoch 300 ==========================
loss:0.04159053787589073
Initial pose:
	<Pose3 [0.5516147465772813, 0.49763368276144565, -0.4378044773892662, -0.5063686242434449, 0.68497504903141, 0.2611519136114826, 0.40412852563478063]>
Current pose:
	<Pose3 [0.5585383112023998, 0.506620904340666, -0.4348400313535677, -0.4922239467330408, 0.6597504974729155, 0.277385510562252, 0.4069180341861398]>
Ground truth pose:
	<Pose3 [0.5584963, 0.50576127, -0.4364841, -0.49170023, 0.6578470468521118, 0.2843227982521057, 0.42741501331329346]>
T_pointcloud_camera_current:  [[ 0.10849432  0.13797365 -0.98447567  0.65969008]
 [ 0.99401043 -0.00197893  0.10926782  0.27750199]
 [ 0.01312792 -0.99043398 -0.13736199  0.40689148]
 [ 0.          0.          0.          1.        ]]
T_pointcloud_camera_groundtruth:  tensor([[[ 0.1074,  0.1357, -0.9849,  0.6578],
         [ 0.9942, -0.0049,  0.1077,  0.2843],
         [ 0.0098, -0.9907, -0.1354,  0.4274],
         [ 0.0000,  0.0000,  0.0000,  1.0000]]], device='cuda:0')
============== epoch 400 ==========================
loss:0.043418850749731064
Initial pose:
	<Pose3 [0.5516147465772813, 0.49763368276144565, -0.4378044773892662, -0.5063686242434449, 0.68497504903141, 0.2611519136114826, 0.40412852563478063]>
Current pose:
	<Pose3 [0.5592013586163759, 0.5064671786863104, -0.4350365747588777, -0.49145505232729203, 0.6619812478697632, 0.2792436052693834, 0.41047028475023817]>
Ground truth pose:
	<Pose3 [0.5584963, 0.50576127, -0.4364841, -0.49170023, 0.6578470468521118, 0.2843227982521057, 0.42741501331329346]>
T_pointcloud_camera_current:  [[ 0.10860506  0.13853652 -0.98438441  0.66175713]
 [ 0.99402233 -0.00401311  0.10910367  0.2792328 ]
 [ 0.01116445 -0.99034925 -0.13814428  0.41088803]
 [ 0.          0.          0.          1.        ]]
T_pointcloud_camera_groundtruth:  tensor([[[ 0.1074,  0.1357, -0.9849,  0.6578],
         [ 0.9942, -0.0049,  0.1077,  0.2843],
         [ 0.0098, -0.9907, -0.1354,  0.4274],
         [ 0.0000,  0.0000,  0.0000,  1.0000]]], device='cuda:0')
============== epoch 500 ==========================
loss:0.04385598376393318
Initial pose:
	<Pose3 [0.5516147465772813, 0.49763368276144565, -0.4378044773892662, -0.5063686242434449, 0.68497504903141, 0.2611519136114826, 0.40412852563478063]>
Current pose:
	<Pose3 [0.5592219992162005, 0.5063257665439891, -0.43536564738940325, -0.49128584266220593, 0.6578951036012505, 0.28140911838252447, 0.4092682099393756]>
Ground truth pose:
	<Pose3 [0.5584963, 0.50576127, -0.4364841, -0.49170023, 0.6578470468521118, 0.2843227982521057, 0.42741501331329346]>
T_pointcloud_camera_current:  [[ 0.10809507  0.13841995 -0.98445694  0.65802027]
 [ 0.99408387 -0.00447034  0.10852363  0.28130011]
 [ 0.01062103 -0.99036359 -0.1380843   0.40932543]
 [ 0.          0.          0.          1.        ]]
T_pointcloud_camera_groundtruth:  tensor([[[ 0.1074,  0.1357, -0.9849,  0.6578],
         [ 0.9942, -0.0049,  0.1077,  0.2843],
         [ 0.0098, -0.9907, -0.1354,  0.4274],
         [ 0.0000,  0.0000,  0.0000,  1.0000]]], device='cuda:0')
============== epoch 600 ==========================
loss:0.040608350187540054
Initial pose:
	<Pose3 [0.5516147465772813, 0.49763368276144565, -0.4378044773892662, -0.5063686242434449, 0.68497504903141, 0.2611519136114826, 0.40412852563478063]>
Current pose:
	<Pose3 [0.5597179148742188, 0.5067666631030868, -0.4348584567036841, -0.4907153757223934, 0.6574320984459255, 0.28149625105996035, 0.41608062968172144]>
Ground truth pose:
	<Pose3 [0.5584963, 0.50576127, -0.4364841, -0.49170023, 0.6578470468521118, 0.2843227982521057, 0.42741501331329346]>
T_pointcloud_camera_current:  [[ 0.10817585  0.14061016 -0.98413762  0.65742277]
 [ 0.9940762  -0.00482747  0.10857863  0.28152593]
 [ 0.01051642 -0.99005332 -0.14029947  0.41599546]
 [ 0.          0.          0.          1.        ]]
T_pointcloud_camera_groundtruth:  tensor([[[ 0.1074,  0.1357, -0.9849,  0.6578],
         [ 0.9942, -0.0049,  0.1077,  0.2843],
         [ 0.0098, -0.9907, -0.1354,  0.4274],
         [ 0.0000,  0.0000,  0.0000,  1.0000]]], device='cuda:0')
============== epoch 700 ==========================
loss:0.04004887118935585
Initial pose:
	<Pose3 [0.5516147465772813, 0.49763368276144565, -0.4378044773892662, -0.5063686242434449, 0.68497504903141, 0.2611519136114826, 0.40412852563478063]>
Current pose:
	<Pose3 [0.5591911676367041, 0.5068116050474439, -0.43485453795886986, -0.491272651634254, 0.6576178898489807, 0.2795920037313213, 0.4129651554352791]>
Ground truth pose:
	<Pose3 [0.5584963, 0.50576127, -0.4364841, -0.49170023, 0.6578470468521118, 0.2843227982521057, 0.42741501331329346]>
T_pointcloud_camera_current:  [[ 0.10811665  0.13953015 -0.98429783  0.65765933]
 [ 0.99406989 -0.00356132  0.10868525  0.27957087]
 [ 0.01165952 -0.99021147 -0.13908779  0.41298293]
 [ 0.          0.          0.          1.        ]]
T_pointcloud_camera_groundtruth:  tensor([[[ 0.1074,  0.1357, -0.9849,  0.6578],
         [ 0.9942, -0.0049,  0.1077,  0.2843],
         [ 0.0098, -0.9907, -0.1354,  0.4274],
         [ 0.0000,  0.0000,  0.0000,  1.0000]]], device='cuda:0')
============== epoch 800 ==========================
loss:0.04101499915122986
Initial pose:
	<Pose3 [0.5516147465772813, 0.49763368276144565, -0.4378044773892662, -0.5063686242434449, 0.68497504903141, 0.2611519136114826, 0.40412852563478063]>
Current pose:
	<Pose3 [0.5592939448218442, 0.5070992661308203, -0.4342768188924522, -0.4913698347972757, 0.6587926452434395, 0.2779255044295301, 0.4153491987339408]>
Ground truth pose:
	<Pose3 [0.5584963, 0.50576127, -0.4364841, -0.49170023, 0.6578470468521118, 0.2843227982521057, 0.42741501331329346]>
T_pointcloud_camera_current:  [[ 0.10856446  0.14046058 -0.98411619  0.65880751]
 [ 0.99400901 -0.00274416  0.10926419  0.27807277]
 [ 0.01264679 -0.99008252 -0.13991704  0.41546683]
 [ 0.          0.          0.          1.        ]]
T_pointcloud_camera_groundtruth:  tensor([[[ 0.1074,  0.1357, -0.9849,  0.6578],
         [ 0.9942, -0.0049,  0.1077,  0.2843],
         [ 0.0098, -0.9907, -0.1354,  0.4274],
         [ 0.0000,  0.0000,  0.0000,  1.0000]]], device='cuda:0')
============== epoch 900 ==========================
loss:0.04025048390030861
Initial pose:
	<Pose3 [0.5516147465772813, 0.49763368276144565, -0.4378044773892662, -0.5063686242434449, 0.68497504903141, 0.2611519136114826, 0.40412852563478063]>
Current pose:
	<Pose3 [0.5592848072377722, 0.5067985973214038, -0.43478163690354865, -0.4912439992085178, 0.6603117236322497, 0.27868979988832376, 0.41383667313076566]>
Ground truth pose:
	<Pose3 [0.5584963, 0.50576127, -0.4364841, -0.49170023, 0.6578470468521118, 0.2843227982521057, 0.42741501331329346]>
T_pointcloud_camera_current:  [[ 0.10820933  0.13972662 -0.98425978  0.66040294]
 [ 0.99406076 -0.00367747  0.10876485  0.27863175]
 [ 0.01157781 -0.99018334 -0.13929472  0.41380788]
 [ 0.          0.          0.          1.        ]]
T_pointcloud_camera_groundtruth:  tensor([[[ 0.1074,  0.1357, -0.9849,  0.6578],
         [ 0.9942, -0.0049,  0.1077,  0.2843],
         [ 0.0098, -0.9907, -0.1354,  0.4274],
         [ 0.0000,  0.0000,  0.0000,  1.0000]]], device='cuda:0')
=================Image 2========================
Loading image /media/scratch1/mroncoroni/groundtruth/replica/room_1/50_frames_test/frames/frame000002.jpg
Loading image /media/scratch1/mroncoroni/groundtruth/replica/room_1/50_frames_test/depth/depth000002.png
Ground truth q: 
	 tensor([[ 0.5627,  0.5011, -0.4324, -0.4953]], device='cuda:0')
Ground truth t: 
	 tensor([[0.6356, 0.2462, 0.4305]], device='cuda:0')
Ground truth transformation world to camera, in camera frame: 
	 tensor([[[ 0.1240,  0.1356, -0.9830,  0.6356],
         [ 0.9922, -0.0071,  0.1242,  0.2462],
         [ 0.0098, -0.9907, -0.1354,  0.4305],
         [ 0.0000,  0.0000,  0.0000,  1.0000]]], device='cuda:0')
Delta array:
	[[ 0.00483925]
 [-0.0382656 ]
 [-0.03449836]
 [-0.02811438]
 [-0.05064156]
 [ 0.01571237]]
Initial pose:
	<Pose3 [0.5444072645458047, 0.5190393053394484, -0.4356452213818821, -0.4944008261840388, 0.6074631830090818, 0.19558968699761445, 0.4462510209571563]>
Initial pose:
	<Pose3 [0.5444072645458047, 0.5190393053394484, -0.4356452213818821, -0.4944008261840388, 0.6074631830090818, 0.19558968699761445, 0.4462510209571563]>
Current pose (after coarse refinement):
	<Pose3 [0.5444072638652956, 0.5190393046906493, -0.4356452208373256, -0.49440082556603776, 0.6074631830090818, 0.19558968699761445, 0.4462510209571563]>
Ground truth pose:
	<Pose3 [0.56270736, 0.5010718, -0.43235585, -0.49533412, 0.6355775594711304, 0.24623124301433563, 0.4305386543273926]>
============== epoch 0 ==========================
loss:0.15038259327411652
Initial pose:
	<Pose3 [0.5444072645458047, 0.5190393053394484, -0.4356452213818821, -0.4944008261840388, 0.6074631830090818, 0.19558968699761445, 0.4462510209571563]>
Current pose:
	<Pose3 [0.5444072638652956, 0.5190393046906493, -0.4356452208373256, -0.49440082556603776, 0.6074631830090818, 0.19558968699761445, 0.4462510209571563]>
Ground truth pose:
	<Pose3 [0.56270736, 0.5010718, -0.43235585, -0.49533412, 0.6355775594711304, 0.24623124301433563, 0.4305386543273926]>
T_pointcloud_camera_current:  [[ 0.08162288  0.13437082 -0.98756377  0.60746318]
 [ 0.99590425  0.02766795  0.08607682  0.19558969]
 [ 0.03889008 -0.99054479 -0.13156214  0.44625102]
 [ 0.          0.          0.          1.        ]]
T_pointcloud_camera_groundtruth:  tensor([[[ 0.1240,  0.1356, -0.9830,  0.6356],
         [ 0.9922, -0.0071,  0.1242,  0.2462],
         [ 0.0098, -0.9907, -0.1354,  0.4305],
         [ 0.0000,  0.0000,  0.0000,  1.0000]]], device='cuda:0')
============== epoch 100 ==========================
loss:0.12474483996629715
Initial pose:
	<Pose3 [0.5444072645458047, 0.5190393053394484, -0.4356452213818821, -0.4944008261840388, 0.6074631830090818, 0.19558968699761445, 0.4462510209571563]>
Current pose:
	<Pose3 [0.5484682973061431, 0.5179922959633899, -0.4246885754453404, -0.5005058696767315, 0.6100070563955393, 0.21801737814434582, 0.4318933358456932]>
Ground truth pose:
	<Pose3 [0.56270736, 0.5010718, -0.43235585, -0.49533412, 0.6355775594711304, 0.24623124301433563, 0.4305386543273926]>
T_pointcloud_camera_current:  [[ 0.10253513  0.14283171 -0.98442148  0.60994421]
 [ 0.99334134  0.0375601   0.10891388  0.21813594]
 [ 0.05253133 -0.98903405 -0.13802941  0.43200336]
 [ 0.          0.          0.          1.        ]]
T_pointcloud_camera_groundtruth:  tensor([[[ 0.1240,  0.1356, -0.9830,  0.6356],
         [ 0.9922, -0.0071,  0.1242,  0.2462],
         [ 0.0098, -0.9907, -0.1354,  0.4305],
         [ 0.0000,  0.0000,  0.0000,  1.0000]]], device='cuda:0')
============== epoch 200 ==========================
loss:0.11301761865615845
Initial pose:
	<Pose3 [0.5444072645458047, 0.5190393053394484, -0.4356452213818821, -0.4944008261840388, 0.6074631830090818, 0.19558968699761445, 0.4462510209571563]>
Current pose:
	<Pose3 [0.551994835226943, 0.5144490931506359, -0.4246981163304262, -0.5002752701730141, 0.6181678000250992, 0.2261999056417566, 0.4324918642681085]>
Ground truth pose:
	<Pose3 [0.56270736, 0.5010718, -0.43235585, -0.49533412, 0.6355775594711304, 0.24623124301433563, 0.4305386543273926]>
T_pointcloud_camera_current:  [[ 0.10991032  0.14322203 -0.98356859  0.61828187]
 [ 0.99288249  0.02984762  0.11529737  0.22613002]
 [ 0.04587031 -0.9892404  -0.13892208  0.43223181]
 [ 0.          0.          0.          1.        ]]
T_pointcloud_camera_groundtruth:  tensor([[[ 0.1240,  0.1356, -0.9830,  0.6356],
         [ 0.9922, -0.0071,  0.1242,  0.2462],
         [ 0.0098, -0.9907, -0.1354,  0.4305],
         [ 0.0000,  0.0000,  0.0000,  1.0000]]], device='cuda:0')
============== epoch 300 ==========================
loss:0.09029800444841385
Initial pose:
	<Pose3 [0.5444072645458047, 0.5190393053394484, -0.4356452213818821, -0.4944008261840388, 0.6074631830090818, 0.19558968699761445, 0.4462510209571563]>
Current pose:
	<Pose3 [0.5558704394948003, 0.5068798091742333, -0.42824242811387464, -0.5006888652972291, 0.6338539720857677, 0.24036664075442368, 0.42041792273931133]>
Ground truth pose:
	<Pose3 [0.56270736, 0.5010718, -0.43235585, -0.49533412, 0.6355775594711304, 0.24623124301433563, 0.4305386543273926]>
T_pointcloud_camera_current:  [[ 0.11938168  0.13508409 -0.98361594  0.63363047]
 [ 0.99234018  0.01546157  0.12256395  0.24053   ]
 [ 0.03176469 -0.9907135  -0.13220355  0.42004751]
 [ 0.          0.          0.          1.        ]]
T_pointcloud_camera_groundtruth:  tensor([[[ 0.1240,  0.1356, -0.9830,  0.6356],
         [ 0.9922, -0.0071,  0.1242,  0.2462],
         [ 0.0098, -0.9907, -0.1354,  0.4305],
         [ 0.0000,  0.0000,  0.0000,  1.0000]]], device='cuda:0')
============== epoch 400 ==========================
loss:0.07679842412471771
Initial pose:
	<Pose3 [0.5444072645458047, 0.5190393053394484, -0.4356452213818821, -0.4944008261840388, 0.6074631830090818, 0.19558968699761445, 0.4462510209571563]>
Current pose:
	<Pose3 [0.5579711133247588, 0.5040292596397206, -0.4293458813530639, -0.5002847787106462, 0.649959681683236, 0.2331145249981504, 0.4117662172805511]>
Ground truth pose:
	<Pose3 [0.56270736, 0.5010718, -0.43235585, -0.49533412, 0.6355775594711304, 0.24623124301433563, 0.4305386543273926]>
T_pointcloud_camera_current:  [[ 0.12332236  0.13264451 -0.98346176  0.64950934]
 [ 0.99204946  0.00857666  0.12555601  0.23329514]
 [ 0.02508913 -0.99112657 -0.13053223  0.41202579]
 [ 0.          0.          0.          1.        ]]
T_pointcloud_camera_groundtruth:  tensor([[[ 0.1240,  0.1356, -0.9830,  0.6356],
         [ 0.9922, -0.0071,  0.1242,  0.2462],
         [ 0.0098, -0.9907, -0.1354,  0.4305],
         [ 0.0000,  0.0000,  0.0000,  1.0000]]], device='cuda:0')
============== epoch 500 ==========================
loss:0.042334821075201035
Initial pose:
	<Pose3 [0.5444072645458047, 0.5190393053394484, -0.4356452213818821, -0.4944008261840388, 0.6074631830090818, 0.19558968699761445, 0.4462510209571563]>
Current pose:
	<Pose3 [0.5621871266713061, 0.502214409318638, -0.4309147048966013, -0.4960230259816774, 0.6373048407370385, 0.24198077178784425, 0.4088241282891475]>
Ground truth pose:
	<Pose3 [0.56270736, 0.5010718, -0.43235585, -0.49533412, 0.6355775594711304, 0.24623124301433563, 0.4305386543273926]>
T_pointcloud_camera_current:  [[ 0.12401293  0.13733786 -0.98273044  0.63749617]
 [ 0.99218438 -0.0033704   0.12473493  0.24187848]
 [ 0.01381863 -0.99051853 -0.13668245  0.40850129]
 [ 0.          0.          0.          1.        ]]
T_pointcloud_camera_groundtruth:  tensor([[[ 0.1240,  0.1356, -0.9830,  0.6356],
         [ 0.9922, -0.0071,  0.1242,  0.2462],
         [ 0.0098, -0.9907, -0.1354,  0.4305],
         [ 0.0000,  0.0000,  0.0000,  1.0000]]], device='cuda:0')
============== epoch 600 ==========================
loss:0.040855273604393005
Initial pose:
	<Pose3 [0.5444072645458047, 0.5190393053394484, -0.4356452213818821, -0.4944008261840388, 0.6074631830090818, 0.19558968699761445, 0.4462510209571563]>
Current pose:
	<Pose3 [0.5633340799481271, 0.5019128988896775, -0.43087822205075044, -0.49505769116531867, 0.6357145515615281, 0.24123648113795335, 0.4148847732733928]>
Ground truth pose:
	<Pose3 [0.56270736, 0.5010718, -0.43235585, -0.49533412, 0.6355775594711304, 0.24623124301433563, 0.4305386543273926]>
T_pointcloud_camera_current:  [[ 0.12483133  0.13884105 -0.98241555  0.63547472]
 [ 0.99211137 -0.00599395  0.12521624  0.24115523]
 [ 0.01149661 -0.99029654 -0.13849402  0.41511772]
 [ 0.          0.          0.          1.        ]]
T_pointcloud_camera_groundtruth:  tensor([[[ 0.1240,  0.1356, -0.9830,  0.6356],
         [ 0.9922, -0.0071,  0.1242,  0.2462],
         [ 0.0098, -0.9907, -0.1354,  0.4305],
         [ 0.0000,  0.0000,  0.0000,  1.0000]]], device='cuda:0')
============== epoch 700 ==========================
loss:0.048240579664707184
Initial pose:
	<Pose3 [0.5444072645458047, 0.5190393053394484, -0.4356452213818821, -0.4944008261840388, 0.6074631830090818, 0.19558968699761445, 0.4462510209571563]>
Current pose:
	<Pose3 [0.5621345581572926, 0.502906566567078, -0.4307213911061303, -0.4955489991867107, 0.6397544947797593, 0.24373570761867577, 0.41520581879131424]>
Ground truth pose:
	<Pose3 [0.56270736, 0.5010718, -0.43235585, -0.49533412, 0.6355775594711304, 0.24623124301433563, 0.4305386543273926]>
T_pointcloud_camera_current:  [[ 0.12309111  0.13858604 -0.9826711   0.63974355]
 [ 0.99229089 -0.0028188   0.12389857  0.24374575]
 [ 0.01440066 -0.99034639 -0.13786464  0.41535066]
 [ 0.          0.          0.          1.        ]]
T_pointcloud_camera_groundtruth:  tensor([[[ 0.1240,  0.1356, -0.9830,  0.6356],
         [ 0.9922, -0.0071,  0.1242,  0.2462],
         [ 0.0098, -0.9907, -0.1354,  0.4305],
         [ 0.0000,  0.0000,  0.0000,  1.0000]]], device='cuda:0')
============== epoch 800 ==========================
loss:0.042851537466049194
Initial pose:
	<Pose3 [0.5444072645458047, 0.5190393053394484, -0.4356452213818821, -0.4944008261840388, 0.6074631830090818, 0.19558968699761445, 0.4462510209571563]>
Current pose:
	<Pose3 [0.5625817664340812, 0.5025913375598986, -0.4305855244032136, -0.495479377151487, 0.6353729461664495, 0.24181530184336716, 0.4138372626196586]>
Ground truth pose:
	<Pose3 [0.56270736, 0.5010718, -0.43235585, -0.49533412, 0.6355775594711304, 0.24623124301433563, 0.4305386543273926]>
T_pointcloud_camera_current:  [[ 0.12395859  0.13884445 -0.98252557  0.63497457]
 [ 0.99219377 -0.00374131  0.12464967  0.24163814]
 [ 0.01363098 -0.99030714 -0.13822437  0.4141267 ]
 [ 0.          0.          0.          1.        ]]
T_pointcloud_camera_groundtruth:  tensor([[[ 0.1240,  0.1356, -0.9830,  0.6356],
         [ 0.9922, -0.0071,  0.1242,  0.2462],
         [ 0.0098, -0.9907, -0.1354,  0.4305],
         [ 0.0000,  0.0000,  0.0000,  1.0000]]], device='cuda:0')
============== epoch 900 ==========================
loss:0.042893677949905396
Initial pose:
	<Pose3 [0.5444072645458047, 0.5190393053394484, -0.4356452213818821, -0.4944008261840388, 0.6074631830090818, 0.19558968699761445, 0.4462510209571563]>
Current pose:
	<Pose3 [0.5632921568976139, 0.5019605748534254, -0.43082995177583117, -0.4950990642746962, 0.6373997015291986, 0.24279097772427613, 0.41379564740173447]>
Ground truth pose:
	<Pose3 [0.56270736, 0.5010718, -0.43235585, -0.49533412, 0.6355775594711304, 0.24623124301433563, 0.4305386543273926]>
T_pointcloud_camera_current:  [[ 0.12478933  0.13875739 -0.9824327   0.63722983]
 [ 0.99211535 -0.00586559  0.12519078  0.24285124]
 [ 0.0116086  -0.99030904 -0.1383953   0.41389908]
 [ 0.          0.          0.          1.        ]]
T_pointcloud_camera_groundtruth:  tensor([[[ 0.1240,  0.1356, -0.9830,  0.6356],
         [ 0.9922, -0.0071,  0.1242,  0.2462],
         [ 0.0098, -0.9907, -0.1354,  0.4305],
         [ 0.0000,  0.0000,  0.0000,  1.0000]]], device='cuda:0')
=================Image 3========================
Loading image /media/scratch1/mroncoroni/groundtruth/replica/room_1/50_frames_test/frames/frame000003.jpg
Loading image /media/scratch1/mroncoroni/groundtruth/replica/room_1/50_frames_test/depth/depth000003.png
Ground truth q: 
	 tensor([[-0.5684, -0.4946,  0.4266,  0.5003]], device='cuda:0')
Ground truth t: 
	 tensor([[0.6051, 0.1940, 0.4348]], device='cuda:0')
Ground truth transformation world to camera, in camera frame: 
	 tensor([[[ 0.1467,  0.1354, -0.9799,  0.6051],
         [ 0.9891, -0.0102,  0.1467,  0.1940],
         [ 0.0098, -0.9907, -0.1354,  0.4348],
         [ 0.0000,  0.0000,  0.0000,  1.0000]]], device='cuda:0')
Delta array:
	[[-0.01816048]
 [-0.02824607]
 [ 0.02931298]
 [-0.01128882]
 [ 0.00337641]
 [-0.07123741]]
Initial pose:
	<Pose3 [-0.5740400498382426, -0.49707189023245313, 0.43740972737437744, 0.4817368073731095, 0.5937621660204425, 0.19739227079195235, 0.363583183092739]>
Initial pose:
	<Pose3 [-0.5740400498382426, -0.49707189023245313, 0.43740972737437744, 0.4817368073731095, 0.5937621660204425, 0.19739227079195235, 0.363583183092739]>
Current pose (after coarse refinement):
	<Pose3 [-0.5740400491206926, -0.49707188961111326, 0.4374097268276153, 0.4817368067709385, 0.5937621660204425, 0.19739227079195235, 0.363583183092739]>
Ground truth pose:
	<Pose3 [-0.5684159, -0.49458668, 0.42664775, 0.5002591, 0.6050509810447693, 0.19401586055755615, 0.43482059240341187]>
============== epoch 0 ==========================
loss:0.14581826329231262
Initial pose:
	<Pose3 [-0.5740400498382426, -0.49707189023245313, 0.43740972737437744, 0.4817368073731095, 0.5937621660204425, 0.19739227079195235, 0.363583183092739]>
Current pose:
	<Pose3 [-0.5740400491206926, -0.49707188961111326, 0.4374097268276153, 0.4817368067709385, 0.5937621660204425, 0.19739227079195235, 0.363583183092739]>
Ground truth pose:
	<Pose3 [-0.5684159, -0.49458668, 0.42664775, 0.5002591, 0.6050509810447693, 0.19401586055755615, 0.43482059240341187]>
T_pointcloud_camera_current:  [[ 0.12318453  0.14924561 -0.98109705  0.59376217]
 [ 0.99211107 -0.04169849  0.11822428  0.19739227]
 [-0.02326575 -0.9879206  -0.15320488  0.36358318]
 [ 0.          0.          0.          1.        ]]
T_pointcloud_camera_groundtruth:  tensor([[[ 0.1467,  0.1354, -0.9799,  0.6051],
         [ 0.9891, -0.0102,  0.1467,  0.1940],
         [ 0.0098, -0.9907, -0.1354,  0.4348],
         [ 0.0000,  0.0000,  0.0000,  1.0000]]], device='cuda:0')
============== epoch 100 ==========================
loss:0.07381022721529007
Initial pose:
	<Pose3 [-0.5740400498382426, -0.49707189023245313, 0.43740972737437744, 0.4817368073731095, 0.5937621660204425, 0.19739227079195235, 0.363583183092739]>
Current pose:
	<Pose3 [-0.5696963511952503, -0.49390872525887164, 0.4296597389183713, 0.49688309375360734, 0.5872593989269629, 0.21905056469482634, 0.40321038122263136]>
Ground truth pose:
	<Pose3 [-0.5684159, -0.49458668, 0.42664775, 0.5002591, 0.6050509810447693, 0.19401586055755615, 0.43482059240341187]>
