[
    {
        "image_path": "/media/scratch1/mroncoroni/groundtruth/replica/room_1/50_frames_test/frames/frame000000.jpg",
        "T_pointcloud_camera": [
            [
                0.09718398749828339,
                0.13573572039604187,
                -0.9859670996665955,
                0.5995882749557495
            ],
            [
                0.99521803855896,
                -0.0034825841430574656,
                0.09761638939380646,
                0.1816568672657013
            ],
            [
                0.009816317819058895,
                -0.9907389879226685,
                -0.13542509078979492,
                0.4359092116355896
            ],
            [
                0.0,
                0.0,
                0.0,
                1.0
            ]
        ],
        "camera_intrinsics": [
            [
                400.0,
                0.0,
                360.0
            ],
            [
                0.0,
                400.0,
                202.5
            ],
            [
                0.0,
                0.0,
                1.0
            ]
        ],
        "camera_height": 405,
        "camera_width": 720,
        "camera_id": 0,
        "depth_path": "/media/scratch1/mroncoroni/groundtruth/replica/room_1/50_frames_test/depth/depth000000.png",
        "T_pointcloud_camera_perturbed": [
            [
                0.09614181518554688,
                0.12468069791793823,
                -0.9875280261039734,
                0.6300488710403442
            ],
            [
                0.9953619837760925,
                -0.0154191255569458,
                0.09495788812637329,
                0.17697380483150482
            ],
            [
                -0.003387272357940674,
                -0.9920771718025208,
                -0.12558495998382568,
                0.4312264621257782
            ],
            [
                0.0,
                0.0,
                0.0,
                1.0
            ]
        ],
        "lidar_path": "/media/scratch1/mroncoroni/groundtruth/replica/room_1/50_frames_test/lidar/laser_scan_frame_1_noise.ply",
        "T_camera_lidar": [
            [
                1.0,
                0.0,
                0.0,
                0.0
            ],
            [
                0.0,
                1.0,
                0.0,
                0.0
            ],
            [
                0.0,
                0.0,
                1.0,
                0.0
            ],
            [
                0.0,
                0.0,
                0.0,
                1.0
            ]
        ]
    },
    {
        "image_path": "/media/scratch1/mroncoroni/groundtruth/replica/room_1/50_frames_test/frames/frame000001.jpg",
        "T_pointcloud_camera": [
            [
                0.10737445205450058,
                0.13569292426109314,
                -0.9849153161048889,
                0.47945404052734375
            ],
            [
                0.9941701889038086,
                -0.004872952587902546,
                0.10771205276250839,
                0.08441737294197083
            ],
            [
                0.009816317819058895,
                -0.9907389879226685,
                -0.13542509078979492,
                0.4406445622444153
            ],
            [
                0.0,
                0.0,
                0.0,
                1.0
            ]
        ],
        "camera_intrinsics": [
            [
                400.0,
                0.0,
                360.0
            ],
            [
                0.0,
                400.0,
                202.5
            ],
            [
                0.0,
                0.0,
                1.0
            ]
        ],
        "camera_height": 405,
        "camera_width": 720,
        "camera_id": 0,
        "depth_path": "/media/scratch1/mroncoroni/groundtruth/replica/room_1/50_frames_test/depth/depth000001.png",
        "T_pointcloud_camera_perturbed": [
            [
                0.12137585878372192,
                0.1056232750415802,
                -0.9869710206985474,
                0.49030524492263794
            ],
            [
                0.9923851490020752,
                0.008096754550933838,
                0.12290829420089722,
                0.07514902204275131
            ],
            [
                0.0209733247756958,
                -0.9943733811378479,
                -0.1038362979888916,
                0.43132996559143066
            ],
            [
                0.0,
                0.0,
                0.0,
                1.0
            ]
        ],
        "lidar_path": "/media/scratch1/mroncoroni/groundtruth/replica/room_1/50_frames_test/lidar/laser_scan_frame_2_noise.ply",
        "T_camera_lidar": [
            [
                1.0,
                0.0,
                0.0,
                0.0
            ],
            [
                0.0,
                1.0,
                0.0,
                0.0
            ],
            [
                0.0,
                0.0,
                1.0,
                0.0
            ],
            [
                0.0,
                0.0,
                0.0,
                1.0
            ]
        ]
    },
    {
        "image_path": "/media/scratch1/mroncoroni/groundtruth/replica/room_1/50_frames_test/frames/frame000002.jpg",
        "T_pointcloud_camera": [
            [
                0.12399094551801682,
                0.13559241592884064,
                -0.9829755425453186,
                0.3384191393852234
            ],
            [
                0.9922347664833069,
                -0.007142284419387579,
                0.12417367845773697,
                0.019791271537542343
            ],
            [
                0.009816317819058895,
                -0.9907389879226685,
                -0.13542509078979492,
                0.43972137570381165
            ],
            [
                0.0,
                0.0,
                0.0,
                1.0
            ]
        ],
        "camera_intrinsics": [
            [
                400.0,
                0.0,
                360.0
            ],
            [
                0.0,
                400.0,
                202.5
            ],
            [
                0.0,
                0.0,
                1.0
            ]
        ],
        "camera_height": 405,
        "camera_width": 720,
        "camera_id": 0,
        "depth_path": "/media/scratch1/mroncoroni/groundtruth/replica/room_1/50_frames_test/depth/depth000002.png",
        "T_pointcloud_camera_perturbed": [
            [
                0.08162283897399902,
                0.1343708336353302,
                -0.9875637292861938,
                0.3271733820438385
            ],
            [
                0.9959043264389038,
                0.027667999267578125,
                0.0860767662525177,
                -0.00046535086585208774
            ],
            [
                0.03889009356498718,
                -0.9905447959899902,
                -0.13156211376190186,
                0.44600632786750793
            ],
            [
                0.0,
                0.0,
                0.0,
                1.0
            ]
        ],
        "lidar_path": "/media/scratch1/mroncoroni/groundtruth/replica/room_1/50_frames_test/lidar/laser_scan_frame_3_noise.ply",
        "T_camera_lidar": [
            [
                1.0,
                0.0,
                0.0,
                0.0
            ],
            [
                0.0,
                1.0,
                0.0,
                0.0
            ],
            [
                0.0,
                0.0,
                1.0,
                0.0
            ],
            [
                0.0,
                0.0,
                0.0,
                1.0
            ]
        ]
    },
    {
        "image_path": "/media/scratch1/mroncoroni/groundtruth/replica/room_1/50_frames_test/frames/frame000003.jpg",
        "T_pointcloud_camera": [
            [
                0.14671151340007782,
                0.13539297878742218,
                -0.9798696041107178,
                0.18883183598518372
            ],
            [
                0.9891306161880493,
                -0.010249707847833633,
                0.14668187499046326,
                -0.022207411006093025
            ],
            [
                0.009816317819058895,
                -0.9907389879226685,
                -0.13542509078979492,
                0.4343825876712799
            ],
            [
                0.0,
                0.0,
                0.0,
                1.0
            ]
        ],
        "camera_intrinsics": [
            [
                400.0,
                0.0,
                360.0
            ],
            [
                0.0,
                400.0,
                202.5
            ],
            [
                0.0,
                0.0,
                1.0
            ]
        ],
        "camera_height": 405,
        "camera_width": 720,
        "camera_id": 0,
        "depth_path": "/media/scratch1/mroncoroni/groundtruth/replica/room_1/50_frames_test/depth/depth000003.png",
        "T_pointcloud_camera_perturbed": [
            [
                0.12318456172943115,
                0.14924561977386475,
                -0.9810971021652222,
                0.18431630730628967
            ],
            [
                0.992111086845398,
                -0.041698455810546875,
                0.11822429299354553,
                -0.020856846123933792
            ],
            [
                -0.023265749216079712,
                -0.9879206418991089,
                -0.15320491790771484,
                0.405887633562088
            ],
            [
                0.0,
                0.0,
                0.0,
                1.0
            ]
        ],
        "lidar_path": "/media/scratch1/mroncoroni/groundtruth/replica/room_1/50_frames_test/lidar/laser_scan_frame_4_noise.ply",
        "T_camera_lidar": [
            [
                1.0,
                0.0,
                0.0,
                0.0
            ],
            [
                0.0,
                1.0,
                0.0,
                0.0
            ],
            [
                0.0,
                0.0,
                1.0,
                0.0
            ],
            [
                0.0,
                0.0,
                0.0,
                1.0
            ]
        ]
    },
    {
        "image_path": "/media/scratch1/mroncoroni/groundtruth/replica/room_1/50_frames_test/frames/frame000004.jpg",
        "T_pointcloud_camera": [
            [
                0.17518721520900726,
                0.13504090905189514,
                -0.9752299189567566,
                0.036116208881139755
            ],
            [
                0.9844862222671509,
                -0.014151577837765217,
                0.1748904138803482,
                -0.050315868109464645
            ],
            [
                0.009816317819058895,
                -0.9907389879226685,
                -0.13542509078979492,
                0.42563745379447937
            ],
            [
                0.0,
                0.0,
                0.0,
                1.0
            ]
        ],
        "camera_intrinsics": [
            [
                400.0,
                0.0,
                360.0
            ],
            [
                0.0,
                400.0,
                202.5
            ],
            [
                0.0,
                0.0,
                1.0
            ]
        ],
        "camera_height": 405,
        "camera_width": 720,
        "camera_id": 0,
        "depth_path": "/media/scratch1/mroncoroni/groundtruth/replica/room_1/50_frames_test/depth/depth000004.png",
        "T_pointcloud_camera_perturbed": [
            [
                0.17407149076461792,
                0.14966905117034912,
                -0.9732925295829773,
                0.043630167841911316
            ],
            [
                0.9841828346252441,
                0.006592869758605957,
                0.17703306674957275,
                -0.06232864037156105
            ],
            [
                0.032913148403167725,
                -0.9887142181396484,
                -0.14615416526794434,
                0.41980358958244324
            ],
            [
                0.0,
                0.0,
                0.0,
                1.0
            ]
        ],
        "lidar_path": "/media/scratch1/mroncoroni/groundtruth/replica/room_1/50_frames_test/lidar/laser_scan_frame_5_noise.ply",
        "T_camera_lidar": [
            [
                1.0,
                0.0,
                0.0,
                0.0
            ],
            [
                0.0,
                1.0,
                0.0,
                0.0
            ],
            [
                0.0,
                0.0,
                1.0,
                0.0
            ],
            [
                0.0,
                0.0,
                0.0,
                1.0
            ]
        ]
    },
    {
        "image_path": "/media/scratch1/mroncoroni/groundtruth/replica/room_1/50_frames_test/frames/frame000005.jpg",
        "T_pointcloud_camera": [
            [
                0.20903483033180237,
                0.1344725340604782,
                -0.9686183929443359,
                -0.11786927282810211
            ],
            [
                0.9778589010238647,
                -0.018800295889377594,
                0.20841898024082184,
                -0.06897281110286713
            ],
            [
                0.009816317819058895,
                -0.9907389879226685,
                -0.13542509078979492,
                0.4136998653411865
            ],
            [
                0.0,
                0.0,
                0.0,
                1.0
            ]
        ],
        "camera_intrinsics": [
            [
                400.0,
                0.0,
                360.0
            ],
            [
                0.0,
                400.0,
                202.5
            ],
            [
                0.0,
                0.0,
                1.0
            ]
        ],
        "camera_height": 405,
        "camera_width": 720,
        "camera_id": 0,
        "depth_path": "/media/scratch1/mroncoroni/groundtruth/replica/room_1/50_frames_test/depth/depth000005.png",
        "T_pointcloud_camera_perturbed": [
            [
                0.24469763040542603,
                0.14613103866577148,
                -0.958524227142334,
                -0.13902349770069122
            ],
            [
                0.9694784879684448,
                -0.02126157283782959,
                0.24425265192985535,
                -0.05252191424369812
            ],
            [
                0.015313118696212769,
                -0.9890366792678833,
                -0.14687347412109375,
                0.3892830014228821
            ],
            [
                0.0,
                0.0,
                0.0,
                1.0
            ]
        ],
        "lidar_path": "/media/scratch1/mroncoroni/groundtruth/replica/room_1/50_frames_test/lidar/laser_scan_frame_6_noise.ply",
        "T_camera_lidar": [
            [
                1.0,
                0.0,
                0.0,
                0.0
            ],
            [
                0.0,
                1.0,
                0.0,
                0.0
            ],
            [
                0.0,
                0.0,
                1.0,
                0.0
            ],
            [
                0.0,
                0.0,
                0.0,
                1.0
            ]
        ]
    },
    {
        "image_path": "/media/scratch1/mroncoroni/groundtruth/replica/room_1/50_frames_test/frames/frame000006.jpg",
        "T_pointcloud_camera": [
            [
                0.24782727658748627,
                0.13361676037311554,
                -0.9595458507537842,
                -0.272164911031723
            ],
            [
                0.9687544703483582,
                -0.024142824113368988,
                0.24684377014636993,
                -0.08250392973423004
            ],
            [
                0.009816317819058895,
                -0.9907389879226685,
                -0.13542509078979492,
                0.399058073759079
            ],
            [
                0.0,
                0.0,
                0.0,
                1.0
            ]
        ],
        "camera_intrinsics": [
            [
                400.0,
                0.0,
                360.0
            ],
            [
                0.0,
                400.0,
                202.5
            ],
            [
                0.0,
                0.0,
                1.0
            ]
        ],
        "camera_height": 405,
        "camera_width": 720,
        "camera_id": 0,
        "depth_path": "/media/scratch1/mroncoroni/groundtruth/replica/room_1/50_frames_test/depth/depth000006.png",
        "T_pointcloud_camera_perturbed": [
            [
                0.20645010471343994,
                0.1356227993965149,
                -0.9690123200416565,
                -0.2682276964187622
            ],
            [
                0.977969229221344,
                0.002669692039489746,
                0.20873212814331055,
                -0.06773459911346436
            ],
            [
                0.03089582920074463,
                -0.9907569885253906,
                -0.13208377361297607,
                0.4024854302406311
            ],
            [
                0.0,
                0.0,
                0.0,
                1.0
            ]
        ],
        "lidar_path": "/media/scratch1/mroncoroni/groundtruth/replica/room_1/50_frames_test/lidar/laser_scan_frame_7_noise.ply",
        "T_camera_lidar": [
            [
                1.0,
                0.0,
                0.0,
                0.0
            ],
            [
                0.0,
                1.0,
                0.0,
                0.0
            ],
            [
                0.0,
                0.0,
                1.0,
                0.0
            ],
            [
                0.0,
                0.0,
                0.0,
                1.0
            ]
        ]
    },
    {
        "image_path": "/media/scratch1/mroncoroni/groundtruth/replica/room_1/50_frames_test/frames/frame000007.jpg",
        "T_pointcloud_camera": [
            [
                0.29108524322509766,
                0.13239765167236328,
                -0.9474915266036987,
                -0.4264101982116699
            ],
            [
                0.956646740436554,
                -0.030119365081191063,
                0.28968915343284607,
                -0.09309551864862442
            ],
            [
                0.009816317819058895,
                -0.9907389879226685,
                -0.13542509078979492,
                0.3816513419151306
            ],
            [
                0.0,
                0.0,
                0.0,
                1.0
            ]
        ],
        "camera_intrinsics": [
            [
                400.0,
                0.0,
                360.0
            ],
            [
                0.0,
                400.0,
                202.5
            ],
            [
                0.0,
                0.0,
                1.0
            ]
        ],
        "camera_height": 405,
        "camera_width": 720,
        "camera_id": 0,
        "depth_path": "/media/scratch1/mroncoroni/groundtruth/replica/room_1/50_frames_test/depth/depth000007.png",
        "T_pointcloud_camera_perturbed": [
            [
                0.2813016176223755,
                0.14305457472801208,
                -0.9488967061042786,
                -0.4408070743083954
            ],
            [
                0.9588557481765747,
                -0.0024597644805908203,
                0.28388336300849915,
                -0.10230829566717148
            ],
            [
                0.03827691078186035,
                -0.9897118806838989,
                -0.13786077499389648,
                0.4027937948703766
            ],
            [
                0.0,
                0.0,
                0.0,
                1.0
            ]
        ],
        "lidar_path": "/media/scratch1/mroncoroni/groundtruth/replica/room_1/50_frames_test/lidar/laser_scan_frame_8_noise.ply",
        "T_camera_lidar": [
            [
                1.0,
                0.0,
                0.0,
                0.0
            ],
            [
                0.0,
                1.0,
                0.0,
                0.0
            ],
            [
                0.0,
                0.0,
                1.0,
                0.0
            ],
            [
                0.0,
                0.0,
                0.0,
                1.0
            ]
        ]
    },
    {
        "image_path": "/media/scratch1/mroncoroni/groundtruth/replica/room_1/50_frames_test/frames/frame000008.jpg",
        "T_pointcloud_camera": [
            [
                0.3382702171802521,
                0.13073712587356567,
                -0.9319233298301697,
                -0.5803247690200806
            ],
            [
                0.940997838973999,
                -0.03666221722960472,
                0.33642083406448364,
                -0.10270167887210846
            ],
            [
                0.009816317819058895,
                -0.9907389879226685,
                -0.13542509078979492,
                0.3610280752182007
            ],
            [
                0.0,
                0.0,
                0.0,
                1.0
            ]
        ],
        "camera_intrinsics": [
            [
                400.0,
                0.0,
                360.0
            ],
            [
                0.0,
                400.0,
                202.5
            ],
            [
                0.0,
                0.0,
                1.0
            ]
        ],
        "camera_height": 405,
        "camera_width": 720,
        "camera_id": 0,
        "depth_path": "/media/scratch1/mroncoroni/groundtruth/replica/room_1/50_frames_test/depth/depth000008.png",
        "T_pointcloud_camera_perturbed": [
            [
                0.306010365486145,
                0.12220177054405212,
                -0.94415283203125,
                -0.5880264043807983
            ],
            [
                0.952027440071106,
                -0.040599703788757324,
                0.3033079504966736,
                -0.11624012142419815
            ],
            [
                -0.001267462968826294,
                -0.9916747212409973,
                -0.12876343727111816,
                0.37326160073280334
            ],
            [
                0.0,
                0.0,
                0.0,
                1.0
            ]
        ],
        "lidar_path": "/media/scratch1/mroncoroni/groundtruth/replica/room_1/50_frames_test/lidar/laser_scan_frame_9_noise.ply",
        "T_camera_lidar": [
            [
                1.0,
                0.0,
                0.0,
                0.0
            ],
            [
                0.0,
                1.0,
                0.0,
                0.0
            ],
            [
                0.0,
                0.0,
                1.0,
                0.0
            ],
            [
                0.0,
                0.0,
                0.0,
                1.0
            ]
        ]
    },
    {
        "image_path": "/media/scratch1/mroncoroni/groundtruth/replica/room_1/50_frames_test/frames/frame000009.jpg",
        "T_pointcloud_camera": [
            [
                0.3887794315814972,
                0.12855765223503113,
                -0.9123176336288452,
                -0.733627200126648
            ],
            [
                0.9212785959243774,
                -0.043694887310266495,
                0.38644087314605713,
                -0.11348339915275574
            ],
            [
                0.009816317819058895,
                -0.9907389879226685,
                -0.13542509078979492,
                0.33678314089775085
            ],
            [
                0.0,
                0.0,
                0.0,
                1.0
            ]
        ],
        "camera_intrinsics": [
            [
                400.0,
                0.0,
                360.0
            ],
            [
                0.0,
                400.0,
                202.5
            ],
            [
                0.0,
                0.0,
                1.0
            ]
        ],
        "camera_height": 405,
        "camera_width": 720,
        "camera_id": 0,
        "depth_path": "/media/scratch1/mroncoroni/groundtruth/replica/room_1/50_frames_test/depth/depth000009.png",
        "T_pointcloud_camera_perturbed": [
            [
                0.40367192029953003,
                0.11644506454467773,
                -0.9074633121490479,
                -0.7398114204406738
            ],
            [
                0.9144506454467773,
                -0.02013564109802246,
                0.4041963517665863,
                -0.10685812681913376
            ],
            [
                0.028794318437576294,
                -0.9929929971694946,
                -0.11461138725280762,
                0.35629403591156006
            ],
            [
                0.0,
                0.0,
                0.0,
                1.0
            ]
        ],
        "lidar_path": "/media/scratch1/mroncoroni/groundtruth/replica/room_1/50_frames_test/lidar/laser_scan_frame_10_noise.ply",
        "T_camera_lidar": [
            [
                1.0,
                0.0,
                0.0,
                0.0
            ],
            [
                0.0,
                1.0,
                0.0,
                0.0
            ],
            [
                0.0,
                0.0,
                1.0,
                0.0
            ],
            [
                0.0,
                0.0,
                0.0,
                1.0
            ]
        ]
    },
    {
        "image_path": "/media/scratch1/mroncoroni/groundtruth/replica/room_1/50_frames_test/frames/frame000010.jpg",
        "T_pointcloud_camera": [
            [
                0.44194307923316956,
                0.12578506767749786,
                -0.8881804347038269,
                -0.8859785795211792
            ],
            [
                0.8969894051551819,
                -0.05113151669502258,
                0.4390849769115448,
                -0.12746335566043854
            ],
            [
                0.009816317819058895,
                -0.9907389879226685,
                -0.13542509078979492,
                0.3085738718509674
            ],
            [
                0.0,
                0.0,
                0.0,
                1.0
            ]
        ],
        "camera_intrinsics": [
            [
                400.0,
                0.0,
                360.0
            ],
            [
                0.0,
                400.0,
                202.5
            ],
            [
                0.0,
                0.0,
                1.0
            ]
        ],
        "camera_height": 405,
        "camera_width": 720,
        "camera_id": 0,
        "depth_path": "/media/scratch1/mroncoroni/groundtruth/replica/room_1/50_frames_test/depth/depth000010.png",
        "T_pointcloud_camera_perturbed": [
            [
                0.43565940856933594,
                0.1440085768699646,
                -0.8885170221328735,
                -0.9099026918411255
            ],
            [
                0.8995707631111145,
                -0.03544485569000244,
                0.4353345036506653,
                -0.1112128421664238
            ],
            [
                0.031198590993881226,
                -0.988941490650177,
                -0.1449878215789795,
                0.335698664188385
            ],
            [
                0.0,
                0.0,
                0.0,
                1.0
            ]
        ],
        "lidar_path": "/media/scratch1/mroncoroni/groundtruth/replica/room_1/50_frames_test/lidar/laser_scan_frame_11_noise.ply",
        "T_camera_lidar": [
            [
                1.0,
                0.0,
                0.0,
                0.0
            ],
            [
                0.0,
                1.0,
                0.0,
                0.0
            ],
            [
                0.0,
                0.0,
                1.0,
                0.0
            ],
            [
                0.0,
                0.0,
                0.0,
                1.0
            ]
        ]
    },
    {
        "image_path": "/media/scratch1/mroncoroni/groundtruth/replica/room_1/50_frames_test/frames/frame000011.jpg",
        "T_pointcloud_camera": [
            [
                0.4970259964466095,
                0.12235122919082642,
                -0.8590665459632874,
                -1.0367487668991089
            ],
            [
                0.8676801323890686,
                -0.05887691676616669,
                0.4936240613460541,
                -0.14699183404445648
            ],
            [
                0.009816317819058895,
                -0.9907389879226685,
                -0.13542509078979492,
                0.27561813592910767
            ],
            [
                0.0,
                0.0,
                0.0,
                1.0
            ]
        ],
        "camera_intrinsics": [
            [
                400.0,
                0.0,
                360.0
            ],
            [
                0.0,
                400.0,
                202.5
            ],
            [
                0.0,
                0.0,
                1.0
            ]
        ],
        "camera_height": 405,
        "camera_width": 720,
        "camera_id": 0,
        "depth_path": "/media/scratch1/mroncoroni/groundtruth/replica/room_1/50_frames_test/depth/depth000011.png",
        "T_pointcloud_camera_perturbed": [
            [
                0.5150411128997803,
                0.1199209988117218,
                -0.8487353324890137,
                -1.0496511459350586
            ],
            [
                0.8571486473083496,
                -0.06583833694458008,
                0.5108441710472107,
                -0.13976392149925232
            ],
            [
                0.0053817033767700195,
                -0.9905980229377747,
                -0.13669955730438232,
                0.30637887120246887
            ],
            [
                0.0,
                0.0,
                0.0,
                1.0
            ]
        ],
        "lidar_path": "/media/scratch1/mroncoroni/groundtruth/replica/room_1/50_frames_test/lidar/laser_scan_frame_12_noise.ply",
        "T_camera_lidar": [
            [
                1.0,
                0.0,
                0.0,
                0.0
            ],
            [
                0.0,
                1.0,
                0.0,
                0.0
            ],
            [
                0.0,
                0.0,
                1.0,
                0.0
            ],
            [
                0.0,
                0.0,
                0.0,
                1.0
            ]
        ]
    },
    {
        "image_path": "/media/scratch1/mroncoroni/groundtruth/replica/room_1/50_frames_test/frames/frame000012.jpg",
        "T_pointcloud_camera": [
            [
                0.5532306432723999,
                0.11819685250520706,
                -0.824600100517273,
                -1.1838229894638062
            ],
            [
                0.8329702615737915,
                -0.06682676821947098,
                0.5492674112319946,
                -0.17752179503440857
            ],
            [
                0.009816317819058895,
                -0.9907389879226685,
                -0.13542509078979492,
                0.2354334592819214
            ],
            [
                0.0,
                0.0,
                0.0,
                1.0
            ]
        ],
        "camera_intrinsics": [
            [
                400.0,
                0.0,
                360.0
            ],
            [
                0.0,
                400.0,
                202.5
            ],
            [
                0.0,
                0.0,
                1.0
            ]
        ],
        "camera_height": 405,
        "camera_width": 720,
        "camera_id": 0,
        "depth_path": "/media/scratch1/mroncoroni/groundtruth/replica/room_1/50_frames_test/depth/depth000012.png",
        "T_pointcloud_camera_perturbed": [
            [
                0.5717829465866089,
                0.14826318621635437,
                -0.8068967461585999,
                -1.1673849821090698
            ],
            [
                0.8177523612976074,
                -0.02397167682647705,
                0.5750707983970642,
                -0.17578084766864777
            ],
            [
                0.06591922044754028,
                -0.9886574149131775,
                -0.1349492073059082,
                0.22945331037044525
            ],
            [
                0.0,
                0.0,
                0.0,
                1.0
            ]
        ],
        "lidar_path": "/media/scratch1/mroncoroni/groundtruth/replica/room_1/50_frames_test/lidar/laser_scan_frame_13_noise.ply",
        "T_camera_lidar": [
            [
                1.0,
                0.0,
                0.0,
                0.0
            ],
            [
                0.0,
                1.0,
                0.0,
                0.0
            ],
            [
                0.0,
                0.0,
                1.0,
                0.0
            ],
            [
                0.0,
                0.0,
                0.0,
                1.0
            ]
        ]
    },
    {
        "image_path": "/media/scratch1/mroncoroni/groundtruth/replica/room_1/50_frames_test/frames/frame000013.jpg",
        "T_pointcloud_camera": [
            [
                0.6097060441970825,
                0.113273985683918,
                -0.7844918966293335,
                -1.3244400024414062
            ],
            [
                0.7925668358802795,
                -0.07486867159605026,
                0.6051714420318604,
                -0.2228149175643921
            ],
            [
                0.009816317819058895,
                -0.9907389879226685,
                -0.13542509078979492,
                0.18719568848609924
            ],
            [
                0.0,
                0.0,
                0.0,
                1.0
            ]
        ],
        "camera_intrinsics": [
            [
                400.0,
                0.0,
                360.0
            ],
            [
                0.0,
                400.0,
                202.5
            ],
            [
                0.0,
                0.0,
                1.0
            ]
        ],
        "camera_height": 405,
        "camera_width": 720,
        "camera_id": 0,
        "depth_path": "/media/scratch1/mroncoroni/groundtruth/replica/room_1/50_frames_test/depth/depth000013.png",
        "T_pointcloud_camera_perturbed": [
            [
                0.5775436758995056,
                0.11442068219184875,
                -0.8083014488220215,
                -1.3172976970672607
            ],
            [
                0.8163121938705444,
                -0.07025253772735596,
                0.5733228325843811,
                -0.19325703382492065
            ],
            [
                0.008814811706542969,
                -0.9909452795982361,
                -0.13397693634033203,
                0.17683027684688568
            ],
            [
                0.0,
                0.0,
                0.0,
                1.0
            ]
        ],
        "lidar_path": "/media/scratch1/mroncoroni/groundtruth/replica/room_1/50_frames_test/lidar/laser_scan_frame_14_noise.ply",
        "T_camera_lidar": [
            [
                1.0,
                0.0,
                0.0,
                0.0
            ],
            [
                0.0,
                1.0,
                0.0,
                0.0
            ],
            [
                0.0,
                0.0,
                1.0,
                0.0
            ],
            [
                0.0,
                0.0,
                0.0,
                1.0
            ]
        ]
    },
    {
        "image_path": "/media/scratch1/mroncoroni/groundtruth/replica/room_1/50_frames_test/frames/frame000014.jpg",
        "T_pointcloud_camera": [
            [
                0.6655591726303101,
                0.1075483039021492,
                -0.7385556101799011,
                -1.4477859735488892
            ],
            [
                0.7462805509567261,
                -0.08288351446390152,
                0.6604511141777039,
                -0.2948218584060669
            ],
            [
                0.009816317819058895,
                -0.9907389879226685,
                -0.13542509078979492,
                0.12692776322364807
            ],
            [
                0.0,
                0.0,
                0.0,
                1.0
            ]
        ],
        "camera_intrinsics": [
            [
                400.0,
                0.0,
                360.0
            ],
            [
                0.0,
                400.0,
                202.5
            ],
            [
                0.0,
                0.0,
                1.0
            ]
        ],
        "camera_height": 405,
        "camera_width": 720,
        "camera_id": 0,
        "depth_path": "/media/scratch1/mroncoroni/groundtruth/replica/room_1/50_frames_test/depth/depth000014.png",
        "T_pointcloud_camera_perturbed": [
            [
                0.6600902080535889,
                0.10739529132843018,
                -0.7434695959091187,
                -1.4412109851837158
            ],
            [
                0.7511231303215027,
                -0.10719835758209229,
                0.6514003872871399,
                -0.3054170608520508
            ],
            [
                -0.009741455316543579,
                -0.988420307636261,
                -0.1514277458190918,
                0.13719311356544495
            ],
            [
                0.0,
                0.0,
                0.0,
                1.0
            ]
        ],
        "lidar_path": "/media/scratch1/mroncoroni/groundtruth/replica/room_1/50_frames_test/lidar/laser_scan_frame_15_noise.ply",
        "T_camera_lidar": [
            [
                1.0,
                0.0,
                0.0,
                0.0
            ],
            [
                0.0,
                1.0,
                0.0,
                0.0
            ],
            [
                0.0,
                0.0,
                1.0,
                0.0
            ],
            [
                0.0,
                0.0,
                0.0,
                1.0
            ]
        ]
    },
    {
        "image_path": "/media/scratch1/mroncoroni/groundtruth/replica/room_1/50_frames_test/frames/frame000015.jpg",
        "T_pointcloud_camera": [
            [
                0.7198696136474609,
                0.10100117325782776,
                -0.6867215633392334,
                -1.5363521575927734
            ],
            [
