[
    {
        "image_path": "/media/scratch1/mroncoroni/colmap_projects/replica/room_1_high_quality_500_frames/images/frame000001.jpg",
        "T_pointcloud_camera": [
            [
                0.9762397433,
                -0.1325787447,
                0.1714025675,
                -1.5516846761
            ],
            [
                0.0939138093,
                0.9717073655,
                0.2167140795,
                -0.3301121737
            ],
            [
                -0.1952848179,
                -0.1954678293,
                0.961070324,
                -4.0682882737
            ],
            [
                0.0,
                0.0,
                0.0,
                1.0
            ]
        ],
        "camera_intrinsics": [
            [
                400.1979473198,
                0.0,
                360.0
            ],
            [
                0.0,
                400.2077112856,
                202.5
            ],
            [
                0.0,
                0.0,
                1.0
            ]
        ],
        "camera_height": 405,
        "camera_width": 720,
        "camera_id": 1,
        "depth_path": "/media/scratch1/mroncoroni/depth/depth000001.png",
        "lidar_path": "/media/scratch1/mroncoroni/groundtruth/replica/room_1/lidar_partial_500_test_views/laser_scan_frame_1_noise.ply",
        "T_camera_lidar": [
            [
                1.0,
                0.0,
                0.0,
                0.0
            ],
            [
                0.0,
                1.0,
                0.0,
                0.0
            ],
            [
                0.0,
                0.0,
                1.0,
                0.0
            ],
            [
                0.0,
                0.0,
                0.0,
                1.0
            ]
        ],
        "T_pointcloud_camera_perturbed": [
            [
                0.976193904876709,
                -0.13832508027553558,
                0.16706788539886475,
                -1.5229066610336304
            ],
            [
                0.11017395555973053,
                0.9797130823135376,
                0.16740356385707855,
                -0.34880077838897705
            ],
            [
                -0.1868346929550171,
                -0.1450117975473404,
                0.9716297388076782,
                -4.0845794677734375
            ],
            [
                0.0,
                0.0,
                0.0,
                1.0
            ]
        ]
    },
    {
        "image_path": "/media/scratch1/mroncoroni/colmap_projects/replica/room_1_high_quality_500_frames/images/frame000002.jpg",
        "T_pointcloud_camera": [
            [
                0.9762237441,
                -0.1326320604,
                0.1714524363,
                -1.5409877328
            ],
            [
                0.0940252774,
                0.97177169,
                0.2163770544,
                -0.3244880708
            ],
            [
                -0.1953111583,
                -0.1951115553,
                0.961137364,
                -4.0683354399
            ],
            [
                0.0,
                0.0,
                0.0,
                1.0
            ]
        ],
        "camera_intrinsics": [
            [
                400.1979473198,
                0.0,
                360.0
            ],
            [
                0.0,
                400.2077112856,
                202.5
            ],
            [
                0.0,
                0.0,
                1.0
            ]
        ],
        "camera_height": 405,
        "camera_width": 720,
        "camera_id": 1,
        "depth_path": "/media/scratch1/mroncoroni/depth/depth000002.png",
        "lidar_path": "/media/scratch1/mroncoroni/groundtruth/replica/room_1/lidar_partial_500_test_views/laser_scan_frame_2_noise.ply",
        "T_camera_lidar": [
            [
                1.0,
                0.0,
                0.0,
                0.0
            ],
            [
                0.0,
                1.0,
                0.0,
                0.0
            ],
            [
                0.0,
                0.0,
                1.0,
                0.0
            ],
            [
                0.0,
                0.0,
                0.0,
                1.0
            ]
        ],
        "T_pointcloud_camera_perturbed": [
            [
                0.9778565168380737,
                -0.17617392539978027,
                0.1129574328660965,
                -1.5452980995178223
            ],
            [
                0.1481853425502777,
                0.9640170335769653,
                0.22070857882499695,
                -0.31975704431533813
            ],
            [
                -0.14777599275112152,
                -0.19908267259597778,
                0.9687767028808594,
                -4.045730113983154
            ],
            [
                0.0,
                0.0,
                0.0,
                1.0
            ]
        ]
    },
    {
        "image_path": "/media/scratch1/mroncoroni/colmap_projects/replica/room_1_high_quality_500_frames/images/frame000003.jpg",
        "T_pointcloud_camera": [
            [
                0.9762537815,
                -0.1323389848,
                0.1715078634,
                -1.5236671105
            ],
            [
                0.0938855047,
                0.9719636971,
                0.2155738472,
                -0.3157407054
            ],
            [
                -0.1952282411,
                -0.1943526812,
                0.9613079471,
                -4.0691358205
            ],
            [
                0.0,
                0.0,
                0.0,
                1.0
            ]
        ],
        "camera_intrinsics": [
            [
                400.1979473198,
                0.0,
                360.0
            ],
            [
                0.0,
                400.2077112856,
                202.5
            ],
            [
                0.0,
                0.0,
                1.0
            ]
        ],
        "camera_height": 405,
        "camera_width": 720,
        "camera_id": 1,
        "depth_path": "/media/scratch1/mroncoroni/depth/depth000003.png",
        "lidar_path": "/media/scratch1/mroncoroni/groundtruth/replica/room_1/lidar_partial_500_test_views/laser_scan_frame_3_noise.ply",
        "T_camera_lidar": [
            [
                1.0,
                0.0,
                0.0,
                0.0
            ],
            [
                0.0,
                1.0,
                0.0,
                0.0
            ],
            [
                0.0,
                0.0,
                1.0,
                0.0
            ],
            [
                0.0,
                0.0,
                0.0,
                1.0
            ]
        ],
        "T_pointcloud_camera_perturbed": [
            [
                0.9795709252357483,
                -0.12249516695737839,
                0.15948593616485596,
                -1.5137748718261719
            ],
            [
                0.08500470966100693,
                0.9709553718566895,
                0.22365108132362366,
                -0.2887411117553711
            ],
            [
                -0.18224990367889404,
                -0.20552504062652588,
                0.9615323543548584,
                -4.043866157531738
            ],
            [
                0.0,
                0.0,
                0.0,
                1.0
            ]
        ]
    },
    {
        "image_path": "/media/scratch1/mroncoroni/colmap_projects/replica/room_1_high_quality_500_frames/images/frame000004.jpg",
        "T_pointcloud_camera": [
            [
                0.976245004,
                -0.1320582388,
                0.1717740193,
                -1.500704734
            ],
            [
                0.0937784499,
                0.9722200569,
                0.2144615662,
                -0.3031230224
            ],
            [
                -0.1953235635,
                -0.1932583313,
                0.9615091902,
                -4.069879131
            ],
            [
                0.0,
                0.0,
                0.0,
                1.0
            ]
        ],
        "camera_intrinsics": [
            [
                400.1979473198,
                0.0,
                360.0
            ],
            [
                0.0,
                400.2077112856,
                202.5
            ],
            [
                0.0,
                0.0,
                1.0
            ]
        ],
        "camera_height": 405,
        "camera_width": 720,
        "camera_id": 1,
        "depth_path": "/media/scratch1/mroncoroni/depth/depth000004.png",
        "lidar_path": "/media/scratch1/mroncoroni/groundtruth/replica/room_1/lidar_partial_500_test_views/laser_scan_frame_4_noise.ply",
        "T_camera_lidar": [
            [
                1.0,
                0.0,
                0.0,
                0.0
            ],
            [
                0.0,
                1.0,
                0.0,
                0.0
            ],
            [
                0.0,
                0.0,
                1.0,
                0.0
            ],
            [
                0.0,
                0.0,
                0.0,
                1.0
            ]
        ],
        "T_pointcloud_camera_perturbed": [
            [
                0.9821237325668335,
                -0.11324513703584671,
                0.15036135911941528,
                -1.5289827585220337
            ],
            [
                0.07496438175439835,
                0.9680184721946716,
                0.23941710591316223,
                -0.30851709842681885
            ],
            [
                -0.17266538739204407,
                -0.22386547923088074,
                0.9592032432556152,
                -4.10028600692749
            ],
            [
                0.0,
                0.0,
                0.0,
                1.0
            ]
        ]
    },
    {
        "image_path": "/media/scratch1/mroncoroni/colmap_projects/replica/room_1_high_quality_500_frames/images/frame000005.jpg",
        "T_pointcloud_camera": [
            [
                0.9763139864,
                -0.1313328818,
                0.1719379949,
                -1.4713732048
            ],
            [
                0.093282111,
                0.9725481084,
                0.2131868302,
                -0.2871904464
            ],
            [
                -0.1952164125,
                -0.1920985449,
                0.9617633292,
                -4.0706958427
            ],
            [
                0.0,
                0.0,
                0.0,
                1.0
            ]
        ],
        "camera_intrinsics": [
            [
                400.1979473198,
                0.0,
                360.0
            ],
            [
                0.0,
                400.2077112856,
                202.5
            ],
            [
                0.0,
                0.0,
                1.0
            ]
        ],
        "camera_height": 405,
        "camera_width": 720,
        "camera_id": 1,
        "depth_path": "/media/scratch1/mroncoroni/depth/depth000005.png",
        "lidar_path": "/media/scratch1/mroncoroni/groundtruth/replica/room_1/lidar_partial_500_test_views/laser_scan_frame_5_noise.ply",
        "T_camera_lidar": [
            [
                1.0,
                0.0,
                0.0,
                0.0
            ],
            [
                0.0,
                1.0,
                0.0,
                0.0
            ],
            [
                0.0,
                0.0,
                1.0,
                0.0
            ],
            [
                0.0,
                0.0,
                0.0,
                1.0
            ]
        ],
        "T_pointcloud_camera_perturbed": [
            [
                0.9783343076705933,
                -0.12673220038414001,
                0.1637098491191864,
                -1.4455407857894897
            ],
            [
                0.08768761903047562,
                0.9699723124504089,
                0.22685816884040833,
                -0.3082490563392639
            ],
            [
                -0.18754425644874573,
                -0.2075878083705902,
                0.960070013999939,
                -4.0865631103515625
            ],
            [
                0.0,
                0.0,
                0.0,
                1.0
            ]
        ]
    },
    {
        "image_path": "/media/scratch1/mroncoroni/colmap_projects/replica/room_1_high_quality_500_frames/images/frame000006.jpg",
        "T_pointcloud_camera": [
            [
                0.976445332,
                -0.1305960521,
                0.1717532673,
                -1.4345832787
            ],
            [
                0.0929582713,
                0.9729814308,
                0.2113430744,
                -0.2674474018
            ],
            [
                -0.194713311,
                -0.1903990716,
                0.9622031595,
                -4.0725029896
            ],
            [
                0.0,
                0.0,
                0.0,
                1.0
            ]
        ],
        "camera_intrinsics": [
            [
                400.1979473198,
                0.0,
                360.0
            ],
            [
                0.0,
                400.2077112856,
                202.5
            ],
            [
                0.0,
                0.0,
                1.0
            ]
        ],
        "camera_height": 405,
        "camera_width": 720,
        "camera_id": 1,
        "depth_path": "/media/scratch1/mroncoroni/depth/depth000006.png",
        "lidar_path": "/media/scratch1/mroncoroni/groundtruth/replica/room_1/lidar_partial_500_test_views/laser_scan_frame_6_noise.ply",
        "T_camera_lidar": [
            [
                1.0,
                0.0,
                0.0,
                0.0
            ],
            [
                0.0,
                1.0,
                0.0,
                0.0
            ],
            [
                0.0,
                0.0,
                1.0,
                0.0
            ],
            [
                0.0,
                0.0,
                0.0,
                1.0
            ]
        ],
        "T_pointcloud_camera_perturbed": [
            [
                0.9703908562660217,
                -0.12803778052330017,
                0.20481178164482117,
                -1.4255385398864746
            ],
            [
                0.08917780965566635,
                0.9779497981071472,
                0.18884257972240448,
                -0.3090173304080963
            ],
            [
                -0.22447463870048523,
                -0.16498644649982452,
                0.9604116678237915,
                -4.091113090515137
            ],
            [
                0.0,
                0.0,
                0.0,
                1.0
            ]
        ]
    },
    {
        "image_path": "/media/scratch1/mroncoroni/colmap_projects/replica/room_1_high_quality_500_frames/images/frame000007.jpg",
        "T_pointcloud_camera": [
            [
                0.9765317939,
                -0.1300758677,
                0.1716564128,
                -1.3928393168
            ],
            [
                0.0927952524,
                0.9733569628,
                0.2096789551,
                -0.246434534
            ],
            [
                -0.1943571367,
                -0.188829266,
                0.962584444,
                -4.0746250397
            ],
            [
                0.0,
                0.0,
                0.0,
                1.0
            ]
        ],
        "camera_intrinsics": [
            [
                400.1979473198,
                0.0,
                360.0
            ],
            [
                0.0,
                400.2077112856,
                202.5
            ],
            [
                0.0,
                0.0,
                1.0
            ]
        ],
        "camera_height": 405,
        "camera_width": 720,
        "camera_id": 1,
        "depth_path": "/media/scratch1/mroncoroni/depth/depth000007.png",
        "lidar_path": "/media/scratch1/mroncoroni/groundtruth/replica/room_1/lidar_partial_500_test_views/laser_scan_frame_7_noise.ply",
        "T_camera_lidar": [
            [
                1.0,
                0.0,
                0.0,
                0.0
            ],
            [
                0.0,
                1.0,
                0.0,
                0.0
            ],
            [
                0.0,
                0.0,
                1.0,
                0.0
            ],
            [
                0.0,
                0.0,
                0.0,
                1.0
            ]
        ],
        "T_pointcloud_camera_perturbed": [
            [
                0.9865235090255737,
                -0.11721493303775787,
                0.11415772140026093,
                -1.4285728931427002
            ],
            [
                0.08653371036052704,
                0.9659126400947571,
                0.24397681653499603,
                -0.27552974224090576
            ],
            [
                -0.13886411488056183,
                -0.23081038892269135,
                0.9630385637283325,
                -4.056933879852295
            ],
            [
                0.0,
                0.0,
                0.0,
                1.0
            ]
        ]
    },
    {
        "image_path": "/media/scratch1/mroncoroni/colmap_projects/replica/room_1_high_quality_500_frames/images/frame000009.jpg",
        "T_pointcloud_camera": [
            [
                0.9767826738,
                -0.1281294236,
                0.1716929204,
                -1.2962483168
            ],
            [
                0.0918142915,
                0.9744719474,
                0.2048769375,
                -0.1938764722
            ],
            [
                -0.1935606984,
                -0.184356379,
                0.9636114266,
                -4.0772515313
            ],
            [
                0.0,
                0.0,
                0.0,
                1.0
            ]
        ],
        "camera_intrinsics": [
            [
                400.1979473198,
                0.0,
                360.0
            ],
            [
                0.0,
                400.2077112856,
                202.5
            ],
            [
                0.0,
                0.0,
                1.0
            ]
        ],
        "camera_height": 405,
        "camera_width": 720,
        "camera_id": 1,
        "depth_path": "/media/scratch1/mroncoroni/depth/depth000009.png",
        "lidar_path": "/media/scratch1/mroncoroni/groundtruth/replica/room_1/lidar_partial_500_test_views/laser_scan_frame_9_noise.ply",
        "T_camera_lidar": [
            [
                1.0,
                0.0,
                0.0,
                0.0
            ],
            [
                0.0,
                1.0,
                0.0,
                0.0
            ],
            [
                0.0,
                0.0,
                1.0,
                0.0
            ],
            [
                0.0,
                0.0,
                0.0,
                1.0
            ]
        ],
        "T_pointcloud_camera_perturbed": [
            [
                0.9747879505157471,
                -0.1306813359260559,
                0.1808612197637558,
                -1.276914119720459
            ],
            [
                0.09282386302947998,
                0.974582850933075,
                0.20389220118522644,
                -0.22093884646892548
            ],
            [
                -0.20290915668010712,
                -0.18196344375610352,
                0.9621419906616211,
                -4.077060222625732
            ],
            [
                0.0,
                0.0,
                0.0,
                1.0
            ]
        ]
    },
    {
        "image_path": "/media/scratch1/mroncoroni/colmap_projects/replica/room_1_high_quality_500_frames/images/frame000010.jpg",
        "T_pointcloud_camera": [
            [
                0.9770167757,
                -0.1269327134,
                0.1712492517,
                -1.2399826832
            ],
            [
                0.0912664977,
                0.9751092622,
                0.2020701691,
                -0.1639161485
            ],
            [
                -0.1926360463,
                -0.1817966257,
                0.9642828115,
                -4.0798577657
            ],
            [
                0.0,
                0.0,
                0.0,
                1.0
            ]
        ],
        "camera_intrinsics": [
            [
                400.1979473198,
                0.0,
                360.0
            ],
            [
                0.0,
                400.2077112856,
                202.5
            ],
            [
                0.0,
                0.0,
                1.0
            ]
        ],
        "camera_height": 405,
        "camera_width": 720,
        "camera_id": 1,
        "depth_path": "/media/scratch1/mroncoroni/depth/depth000010.png",
        "lidar_path": "/media/scratch1/mroncoroni/groundtruth/replica/room_1/lidar_partial_500_test_views/laser_scan_frame_10_noise.ply",
        "T_camera_lidar": [
            [
                1.0,
                0.0,
                0.0,
                0.0
            ],
            [
                0.0,
                1.0,
                0.0,
                0.0
            ],
            [
                0.0,
                0.0,
                1.0,
                0.0
            ],
            [
                0.0,
                0.0,
                0.0,
                1.0
            ]
        ],
        "T_pointcloud_camera_perturbed": [
            [
                0.9844200611114502,
                -0.09660780429840088,
                0.1469152569770813,
                -1.2634426355361938
            ],
            [
                0.06834547221660614,
                0.9800719022750854,
                0.18651527166366577,
                -0.18481266498565674
            ],
            [
                -0.16200634837150574,
                -0.17356836795806885,
                0.9714051485061646,
                -4.058558464050293
            ],
            [
                0.0,
                0.0,
                0.0,
                1.0
            ]
        ]
    },
    {
        "image_path": "/media/scratch1/mroncoroni/colmap_projects/replica/room_1_high_quality_500_frames/images/frame000011.jpg",
        "T_pointcloud_camera": [
            [
                0.9772898242,
                -0.1254871144,
                0.1707559185,
                -1.1795571194
            ],
            [
                0.0904303398,
                0.9757189549,
                0.1994865277,
                -0.1331340074
            ],
            [
                -0.1916427751,
                -0.1795146379,
                0.9649080482,
                -4.0817145199
            ],
            [
                0.0,
                0.0,
                0.0,
                1.0
            ]
        ],
        "camera_intrinsics": [
            [
                400.1979473198,
                0.0,
                360.0
            ],
            [
                0.0,
                400.2077112856,
                202.5
            ],
            [
                0.0,
                0.0,
                1.0
            ]
        ],
        "camera_height": 405,
        "camera_width": 720,
        "camera_id": 1,
        "depth_path": "/media/scratch1/mroncoroni/depth/depth000011.png",
        "lidar_path": "/media/scratch1/mroncoroni/groundtruth/replica/room_1/lidar_partial_500_test_views/laser_scan_frame_11_noise.ply",
        "T_camera_lidar": [
            [
                1.0,
                0.0,
                0.0,
                0.0
            ],
            [
                0.0,
                1.0,
                0.0,
                0.0
            ],
            [
                0.0,
                0.0,
                1.0,
                0.0
            ],
            [
                0.0,
                0.0,
                0.0,
                1.0
            ]
        ],
        "T_pointcloud_camera_perturbed": [
            [
                0.9789592027664185,
                -0.12840677797794342,
                0.15858915448188782,
                -1.1646220684051514
            ],
            [
                0.09865457564592361,
                0.9781498908996582,
                0.18300284445285797,
                -0.13558641076087952
            ],
            [
                -0.1786227822303772,
                -0.16350676119327545,
                0.9702367782592773,
                -4.070690155029297
            ],
            [
                0.0,
                0.0,
                0.0,
                1.0
            ]
        ]
    },
    {
        "image_path": "/media/scratch1/mroncoroni/colmap_projects/replica/room_1_high_quality_500_frames/images/frame000012.jpg",
        "T_pointcloud_camera": [
            [
                0.9775620546,
                -0.1238505579,
                0.1703921026,
                -1.1159188369
            ],
            [
                0.0895610614,
                0.97651323,
                0.1959610369,
                -0.0975938099
            ],
            [
                -0.1906600262,
                -0.1763035763,
                0.9656944669,
                -4.0837772251
            ],
            [
                0.0,
                0.0,
                0.0,
                1.0
            ]
        ],
        "camera_intrinsics": [
            [
                400.1979473198,
                0.0,
                360.0
            ],
            [
                0.0,
                400.2077112856,
                202.5
            ],
            [
                0.0,
                0.0,
                1.0
            ]
        ],
        "camera_height": 405,
        "camera_width": 720,
        "camera_id": 1,
        "depth_path": "/media/scratch1/mroncoroni/depth/depth000012.png",
        "lidar_path": "/media/scratch1/mroncoroni/groundtruth/replica/room_1/lidar_partial_500_test_views/laser_scan_frame_12_noise.ply",
        "T_camera_lidar": [
            [
                1.0,
                0.0,
                0.0,
                0.0
            ],
            [
                0.0,
                1.0,
                0.0,
                0.0
            ],
            [
                0.0,
                0.0,
                1.0,
                0.0
            ],
            [
                0.0,
                0.0,
                0.0,
                1.0
            ]
        ],
        "T_pointcloud_camera_perturbed": [
            [
                0.9762797951698303,
                -0.13356256484985352,
                0.17040778696537018,
                -1.1394927501678467
            ],
            [
                0.09985759109258652,
                0.9761109352111816,
                0.19296610355377197,
                -0.07649093121290207
            ],
            [
                -0.19210995733737946,
                -0.1713724136352539,
                0.9662945866584778,
                -4.079580783843994
            ],
            [
                0.0,
                0.0,
                0.0,
                1.0
            ]
        ]
    },
    {
        "image_path": "/media/scratch1/mroncoroni/colmap_projects/replica/room_1_high_quality_500_frames/images/frame000013.jpg",
        "T_pointcloud_camera": [
            [
                0.9779305919,
                -0.1220417335,
                0.1695805786,
                -1.0478926371
            ],
            [
                0.0885600071,
                0.977271577,
                0.1926068271,
                -0.0617852415
            ],
            [
                -0.1892323506,
                -0.1733380512,
                0.9665117886,
                -4.0861863402
            ],
            [
                0.0,
                0.0,
                0.0,
                1.0
            ]
        ],
        "camera_intrinsics": [
            [
                400.1979473198,
                0.0,
                360.0
            ],
            [
                0.0,
                400.2077112856,
                202.5
            ],
            [
                0.0,
                0.0,
                1.0
            ]
        ],
        "camera_height": 405,
        "camera_width": 720,
        "camera_id": 1,
        "depth_path": "/media/scratch1/mroncoroni/depth/depth000013.png",
        "lidar_path": "/media/scratch1/mroncoroni/groundtruth/replica/room_1/lidar_partial_500_test_views/laser_scan_frame_13_noise.ply",
        "T_camera_lidar": [
            [
                1.0,
                0.0,
                0.0,
                0.0
            ],
            [
                0.0,
                1.0,
                0.0,
                0.0
            ],
            [
                0.0,
                0.0,
                1.0,
                0.0
            ],
            [
                0.0,
                0.0,
                0.0,
                1.0
            ]
        ],
        "T_pointcloud_camera_perturbed": [
            [
                0.974229097366333,
                -0.12174982577562332,
                0.18988054990768433,
                -1.0423223972320557
            ],
            [
                0.09274774044752121,
                0.9835826754570007,
                0.15479978919029236,
                -0.0516362302005291
            ],
            [
                -0.20561006665229797,
                -0.13319948315620422,
                0.9695268869400024,
                -4.105350494384766
            ],
            [
                0.0,
                0.0,
                0.0,
                1.0
            ]
        ]
    },
    {
        "image_path": "/media/scratch1/mroncoroni/colmap_projects/replica/room_1_high_quality_500_frames/images/frame000014.jpg",
        "T_pointcloud_camera": [
            [
                0.9783118943,
                -0.1202631085,
                0.1686494062,
                -0.9767328854
            ],
            [
                0.0877077342,
                0.9781093293,
                0.1887047784,
                -0.0239385633
            ],
            [
                -0.1876517808,
                -0.1698202719,
                0.9674439955,
                -4.0892145519
            ],
            [
                0.0,
                0.0,
                0.0,
                1.0
            ]
        ],
        "camera_intrinsics": [
            [
                400.1979473198,
                0.0,
                360.0
            ],
            [
                0.0,
                400.2077112856,
                202.5
            ],
            [
                0.0,
                0.0,
                1.0
            ]
        ],
        "camera_height": 405,
        "camera_width": 720,
        "camera_id": 1,
        "depth_path": "/media/scratch1/mroncoroni/depth/depth000014.png",
        "lidar_path": "/media/scratch1/mroncoroni/groundtruth/replica/room_1/lidar_partial_500_test_views/laser_scan_frame_14_noise.ply",
        "T_camera_lidar": [
            [
                1.0,
                0.0,
                0.0,
                0.0
            ],
            [
                0.0,
                1.0,
                0.0,
                0.0
            ],
            [
                0.0,
                0.0,
                1.0,
                0.0
            ],
            [
                0.0,
                0.0,
                0.0,
                1.0
            ]
        ],
        "T_pointcloud_camera_perturbed": [
            [
                0.9726011157035828,
                -0.13589990139007568,
                0.1886221021413803,
                -0.9986092448234558
            ],
            [
                0.10453201085329056,
                0.9803448915481567,
                0.16732299327850342,
                -0.022918427363038063
            ],
            [
                -0.20765389502048492,
                -0.14302149415016174,
                0.9676904082298279,
                -4.095701217651367
            ],
            [
                0.0,
                0.0,
                0.0,
                1.0
            ]
        ]
    },
    {
        "image_path": "/media/scratch1/mroncoroni/colmap_projects/replica/room_1_high_quality_500_frames/images/frame000015.jpg",
        "T_pointcloud_camera": [
            [
                0.9787105384,
                -0.1184629904,
                0.167607285,
                -0.9027307743
            ],
            [
                0.0867904584,
                0.9788854724,
                0.1850693068,
                0.0145372153
            ],
            [
                -0.1859921999,
                -0.1665825678,
                0.9683269849,
                -4.0911296777
            ],
            [
                0.0,
                0.0,
                0.0,
                1.0
            ]
        ],
        "camera_intrinsics": [
            [
                400.1979473198,
                0.0,
                360.0
            ],
            [
                0.0,
                400.2077112856,
                202.5
            ],
            [
                0.0,
                0.0,
                1.0
            ]
        ],
        "camera_height": 405,
        "camera_width": 720,
        "camera_id": 1,
        "depth_path": "/media/scratch1/mroncoroni/depth/depth000015.png",
        "lidar_path": "/media/scratch1/mroncoroni/groundtruth/replica/room_1/lidar_partial_500_test_views/laser_scan_frame_15_noise.ply",
        "T_camera_lidar": [
            [
                1.0,
                0.0,
                0.0,
                0.0
            ],
            [
                0.0,
                1.0,
                0.0,
                0.0
            ],
            [
                0.0,
                0.0,
                1.0,
                0.0
            ],
            [
                0.0,
                0.0,
                0.0,
                1.0
            ]
        ],
        "T_pointcloud_camera_perturbed": [
            [
                0.9716686606407166,
                -0.15019235014915466,
                0.18248915672302246,
                -0.8836754560470581
            ],
            [
                0.10739794373512268,
                0.9683851003646851,
                0.22515760362148285,
                -0.012592007406055927
            ],
            [
                -0.21053671836853027,
                -0.19917963445186615,
                0.9570798277854919,
                -4.091982841491699
            ],
            [
                0.0,
                0.0,
                0.0,
                1.0
            ]
        ]
    },
    {
        "image_path": "/media/scratch1/mroncoroni/colmap_projects/replica/room_1_high_quality_500_frames/images/frame000017.jpg",
        "T_pointcloud_camera": [
            [
                0.9798496627,
                -0.1134110355,
                0.1644158617,
                -0.7452985144
            ],
            [
                0.0839570594,
                0.9807728067,
                0.1761701276,
                0.0994062148
            ],
            [
                -0.1812342427,
                -0.1588163678,
                0.9705315608,
                -4.0973393634
            ],
            [
                0.0,
                0.0,
                0.0,
                1.0
            ]
        ],
        "camera_intrinsics": [
            [
                400.1979473198,
                0.0,
                360.0
            ],
            [
                0.0,
                400.2077112856,
                202.5
            ],
            [
                0.0,
                0.0,
                1.0
            ]
        ],
        "camera_height": 405,
        "camera_width": 720,
        "camera_id": 1,
        "depth_path": "/media/scratch1/mroncoroni/depth/depth000017.png",
        "lidar_path": "/media/scratch1/mroncoroni/groundtruth/replica/room_1/lidar_partial_500_test_views/laser_scan_frame_17_noise.ply",
        "T_camera_lidar": [
            [
                1.0,
                0.0,
                0.0,
                0.0
            ],
            [
                0.0,
                1.0,
                0.0,
                0.0
            ],
            [
                0.0,
                0.0,
                1.0,
                0.0
            ],
            [
                0.0,
                0.0,
                0.0,
                1.0
            ]
        ],
        "T_pointcloud_camera_perturbed": [
            [
                0.9767286777496338,
                -0.13127325475215912,
                0.16961249709129333,
                -0.761691689491272
            ],
            [
                0.10491769760847092,
                0.9821717739105225,
                0.1559835821390152,
                0.12013225257396698
            ],
            [
                -0.18706506490707397,
                -0.1345582753419876,
                0.973088264465332,
                -4.119022369384766
            ],
            [
                0.0,
                0.0,
                0.0,
                1.0
            ]
        ]
    },
    {
        "image_path": "/media/scratch1/mroncoroni/colmap_projects/replica/room_1_high_quality_500_frames/images/frame000018.jpg",
        "T_pointcloud_camera": [
            [
                0.9804467723,
                -0.1109353233,
                0.1625345525,
                -0.6634304363
            ],
            [
                0.0826499296,
                0.9817131362,
                0.1714885053,
                0.1432903293
            ],
            [
                -0.178586438,
                -0.1547018822,
                0.9716862723,
                -4.1001344406
            ],
            [
                0.0,
                0.0,
                0.0,
                1.0
            ]
        ],
        "camera_intrinsics": [
            [
                400.1979473198,
                0.0,
                360.0
            ],
            [
                0.0,
                400.2077112856,
                202.5
            ],
            [
                0.0,
                0.0,
                1.0
            ]
        ],
        "camera_height": 405,
        "camera_width": 720,
        "camera_id": 1,
        "depth_path": "/media/scratch1/mroncoroni/depth/depth000018.png",
        "lidar_path": "/media/scratch1/mroncoroni/groundtruth/replica/room_1/lidar_partial_500_test_views/laser_scan_frame_18_noise.ply",
        "T_camera_lidar": [
            [
                1.0,
                0.0,
                0.0,
                0.0
            ],
            [
                0.0,
                1.0,
                0.0,
                0.0
            ],
