[
    {
        "image_path": "/media/scratch1/mroncoroni/colmap_projects/replica/room_1_high_quality_500_frames/images/frame000001.jpg",
        "T_pointcloud_camera": [
            [
                0.05976113677024841,
                0.4443340003490448,
                -0.893865704536438,
                0.38373541831970215
            ],
            [
                0.9982126951217651,
                -0.026577766984701157,
                0.05352585017681122,
                -0.08128172159194946
            ],
            [
                2.6400935894344002e-05,
                -0.8954668641090393,
                -0.4451281726360321,
                0.41475555300712585
            ],
            [
                0.0,
                0.0,
                0.0,
                1.0
            ]
        ],
        "camera_intrinsics": [
            [
                400.0,
                0.0,
                360.0
            ],
            [
                0.0,
                400.0,
                202.5
            ],
            [
                0.0,
                0.0,
                1.0
            ]
        ],
        "camera_height": 405,
        "camera_width": 720,
        "camera_id": 0,
        "depth_path": "/media/scratch1/mroncoroni/depth/depth000001.png",
        "T_colmap_camera": [
            [
                0.9763636908520633,
                -0.13417767962648983,
                0.1694411712245296,
                -1.548229399962851
            ],
            [
                0.09589058971441797,
                0.9715018051380994,
                0.2167701016621681,
                -0.33623922918566157
            ],
            [
                -0.19369810134622892,
                -0.19539859976839347,
                0.9614054013592996,
                -4.0781143127555355
            ],
            [
                0.0,
                0.0,
                0.0,
                1.0
            ]
        ],
        "lidar_path": "/media/scratch1/mroncoroni/groundtruth/replica/room_1/laser_scan/laser_scan_frame_2_noise.ply",
        "T_camera_lidar": [
            [
                1.0,
                0.0,
                0.0,
                0.0
            ],
            [
                0.0,
                1.0,
                0.0,
                0.0
            ],
            [
                0.0,
                0.0,
                1.0,
                0.0
            ],
            [
                0.0,
                0.0,
                0.0,
                1.0
            ]
        ],
        "T_pointcloud_camera_perturbed": [
            [
                0.05094277858734131,
                0.44621512293815613,
                -0.8934745788574219,
                0.3912160396575928
            ],
            [
                0.9983096122741699,
                0.0023071765899658203,
                0.05807226896286011,
                -0.07580674439668655
            ],
            [
                0.027974039316177368,
                -0.89492267370224,
                -0.4453432559967041,
                0.42482441663742065
            ],
            [
                0.0,
                0.0,
                0.0,
                1.0
            ]
        ]
    },
    {
        "image_path": "/media/scratch1/mroncoroni/colmap_projects/replica/room_1_high_quality_500_frames/images/frame000002.jpg",
        "T_pointcloud_camera": [
            [
                0.059737931936979294,
                0.44391360878944397,
                -0.8940761089324951,
                0.3837915360927582
            ],
            [
                0.998214066028595,
                -0.026471812278032303,
                0.0535525418817997,
                -0.07592226564884186
            ],
            [
                0.00010488778207218274,
                -0.8956784605979919,
                -0.4447021782398224,
                0.4123298227787018
            ],
            [
                0.0,
                0.0,
                0.0,
                1.0
            ]
        ],
        "camera_intrinsics": [
            [
                400.0,
                0.0,
                360.0
            ],
            [
                0.0,
                400.0,
                202.5
            ],
            [
                0.0,
                0.0,
                1.0
            ]
        ],
        "camera_height": 405,
        "camera_width": 720,
        "camera_id": 0,
        "depth_path": "/media/scratch1/mroncoroni/depth/depth000002.png",
        "T_colmap_camera": [
            [
                0.9763721009631422,
                -0.1340183393859714,
                0.16951872265169907,
                -1.537626914366524
            ],
            [
                0.09580919537099282,
                0.9716125114536629,
                0.21630931831344324,
                -0.33051220218975647
            ],
            [
                -0.19369591962816307,
                -0.19495691739112891,
                0.9614955022573538,
                -4.078468236403907
            ],
            [
                0.0,
                0.0,
                0.0,
                1.0
            ]
        ],
        "lidar_path": "/media/scratch1/mroncoroni/groundtruth/replica/room_1/laser_scan/laser_scan_frame_3_noise.ply",
        "T_camera_lidar": [
            [
                1.0,
                0.0,
                0.0,
                0.0
            ],
            [
                0.0,
                1.0,
                0.0,
                0.0
            ],
            [
                0.0,
                0.0,
                1.0,
                0.0
            ],
            [
                0.0,
                0.0,
                0.0,
                1.0
            ]
        ],
        "T_pointcloud_camera_perturbed": [
            [
                0.05250924825668335,
                0.44641250371932983,
                -0.8932852745056152,
                0.3934420645236969
            ],
            [
                0.9984784722328186,
                -0.00838923454284668,
                0.05450016260147095,
                -0.10082587599754333
            ],
            [
                0.016835510730743408,
                -0.8947879076004028,
                -0.44617366790771484,
                0.4135604202747345
            ],
            [
                0.0,
                0.0,
                0.0,
                1.0
            ]
        ]
    },
    {
        "image_path": "/media/scratch1/mroncoroni/colmap_projects/replica/room_1_high_quality_500_frames/images/frame000003.jpg",
        "T_pointcloud_camera": [
            [
                0.05967474356293678,
                0.44322043657302856,
                -0.8944241404533386,
                0.38388320803642273
            ],
            [
                0.9982178211212158,
                -0.026285894215106964,
                0.053574077785015106,
                -0.06717392057180405
            ],
            [
                0.00023438662174157798,
                -0.896027147769928,
                -0.44399914145469666,
                0.4083701968193054
            ],
            [
                0.0,
                0.0,
                0.0,
                1.0
            ]
        ],
        "camera_intrinsics": [
            [
                400.0,
                0.0,
                360.0
            ],
            [
                0.0,
                400.0,
                202.5
            ],
            [
                0.0,
                0.0,
                1.0
            ]
        ],
        "camera_height": 405,
        "camera_width": 720,
        "camera_id": 0,
        "depth_path": "/media/scratch1/mroncoroni/depth/depth000003.png",
        "T_colmap_camera": [
            [
                0.9763912545196284,
                -0.1337445289427035,
                0.16962460247824476,
                -1.5203202963787834
            ],
            [
                0.09566895400604461,
                0.9717957643750998,
                0.2155468398610469,
                -0.3211637121381024
            ],
            [
                -0.19366867403489274,
                -0.19423022477342458,
                0.9616480360194223,
                -4.079046059369461
            ],
            [
                0.0,
                0.0,
                0.0,
                1.0
            ]
        ],
        "lidar_path": "/media/scratch1/mroncoroni/groundtruth/replica/room_1/laser_scan/laser_scan_frame_4_noise.ply",
        "T_camera_lidar": [
            [
                1.0,
                0.0,
                0.0,
                0.0
            ],
            [
                0.0,
                1.0,
                0.0,
                0.0
            ],
            [
                0.0,
                0.0,
                1.0,
                0.0
            ],
            [
                0.0,
                0.0,
                0.0,
                1.0
            ]
        ],
        "T_pointcloud_camera_perturbed": [
            [
                0.0071495771408081055,
                0.44950586557388306,
                -0.8932486772537231,
                0.3727843165397644
            ],
            [
                0.9998264908790588,
                0.012149035930633545,
                0.014116257429122925,
                -0.061189740896224976
            ],
            [
                0.017197400331497192,
                -0.8931946754455566,
                -0.4493410587310791,
                0.3927619457244873
            ],
            [
                0.0,
                0.0,
                0.0,
                1.0
            ]
        ]
    },
    {
        "image_path": "/media/scratch1/mroncoroni/colmap_projects/replica/room_1_high_quality_500_frames/images/frame000004.jpg",
        "T_pointcloud_camera": [
            [
                0.059551697224378586,
                0.44226035475730896,
                -0.8949074745178223,
                0.3840087652206421
            ],
            [
                0.9982251524925232,
                -0.02601252682507038,
                0.0535716749727726,
                -0.05518730729818344
            ],
            [
                0.00041382346535101533,
                -0.8965094089508057,
                -0.44302448630332947,
                0.4029449224472046
            ],
            [
                0.0,
                0.0,
                0.0,
                1.0
            ]
        ],
        "camera_intrinsics": [
            [
                400.0,
                0.0,
                360.0
            ],
            [
                0.0,
                400.0,
                202.5
            ],
            [
                0.0,
                0.0,
                1.0
            ]
        ],
        "camera_height": 405,
        "camera_width": 720,
        "camera_id": 0,
        "depth_path": "/media/scratch1/mroncoroni/depth/depth000004.png",
        "T_colmap_camera": [
            [
                0.9764253157505093,
                -0.1333495970325675,
                0.16973966941299312,
                -1.496607480231399
            ],
            [
                0.09546615854476238,
                0.9720502057978287,
                0.2144869437924692,
                -0.3083549047548127
            ],
            [
                -0.19359722079415534,
                -0.19322605798240575,
                0.9618647160141853,
                -4.079837693830165
            ],
            [
                0.0,
                0.0,
                0.0,
                1.0
            ]
        ],
        "lidar_path": "/media/scratch1/mroncoroni/groundtruth/replica/room_1/laser_scan/laser_scan_frame_5_noise.ply",
        "T_camera_lidar": [
            [
                1.0,
                0.0,
                0.0,
                0.0
            ],
            [
                0.0,
                1.0,
                0.0,
                0.0
            ],
            [
                0.0,
                0.0,
                1.0,
                0.0
            ],
            [
                0.0,
                0.0,
                0.0,
                1.0
            ]
        ],
        "T_pointcloud_camera_perturbed": [
            [
                0.023897171020507812,
                0.4069933295249939,
                -0.9131184816360474,
                0.4011184871196747
            ],
            [
                0.9995669722557068,
                0.0059593915939331055,
                0.02881583571434021,
                -0.06117265671491623
            ],
            [
                0.017169415950775146,
                -0.9134117364883423,
                -0.4066746234893799,
                0.38551780581474304
            ],
            [
                0.0,
                0.0,
                0.0,
                1.0
            ]
        ]
    },
    {
        "image_path": "/media/scratch1/mroncoroni/colmap_projects/replica/room_1_high_quality_500_frames/images/frame000005.jpg",
        "T_pointcloud_camera": [
            [
                0.05934891849756241,
                0.44103920459747314,
                -0.8955233693122864,
                0.3841666877269745
            ],
            [
                0.9982370734214783,
                -0.025644345209002495,
                0.0535263866186142,
                -0.04011303186416626
            ],
            [
                0.0006421244470402598,
                -0.8971213698387146,
                -0.4417836666107178,
                0.39612215757369995
            ],
            [
                0.0,
                0.0,
                0.0,
                1.0
            ]
        ],
        "camera_intrinsics": [
            [
                400.0,
                0.0,
                360.0
            ],
            [
                0.0,
                400.0,
                202.5
            ],
            [
                0.0,
                0.0,
                1.0
            ]
        ],
        "camera_height": 405,
        "camera_width": 720,
        "camera_id": 0,
        "depth_path": "/media/scratch1/mroncoroni/depth/depth000005.png",
        "T_colmap_camera": [
            [
                0.9764782723554863,
                -0.13282699136313564,
                0.1698445552839979,
                -1.466786424845645
            ],
            [
                0.09519708721916278,
                0.9723741148643977,
                0.21313402469195272,
                -0.2922466718182813
            ],
            [
                -0.19346239172136387,
                -0.19195199846417674,
                0.9621468859456127,
                -4.080833302244438
            ],
            [
                0.0,
                0.0,
                0.0,
                1.0
            ]
        ],
        "lidar_path": "/media/scratch1/mroncoroni/groundtruth/replica/room_1/laser_scan/laser_scan_frame_6_noise.ply",
        "T_camera_lidar": [
            [
                1.0,
                0.0,
                0.0,
                0.0
            ],
            [
                0.0,
                1.0,
                0.0,
                0.0
            ],
            [
                0.0,
                0.0,
                1.0,
                0.0
            ],
            [
                0.0,
                0.0,
                0.0,
                1.0
            ]
        ],
        "T_pointcloud_camera_perturbed": [
            [
                0.04347538948059082,
                0.4568967819213867,
                -0.8884565830230713,
                0.36724478006362915
            ],
            [
                0.9990360736846924,
                -0.02527308464050293,
                0.03588947653770447,
                -0.03421642258763313
            ],
            [
                -0.0060562193393707275,
                -0.8891605138778687,
                -0.45755505561828613,
                0.38523539900779724
            ],
            [
                0.0,
                0.0,
                0.0,
                1.0
            ]
        ]
    },
    {
        "image_path": "/media/scratch1/mroncoroni/colmap_projects/replica/room_1_high_quality_500_frames/images/frame000006.jpg",
        "T_pointcloud_camera": [
            [
                0.05904640629887581,
                0.43956252932548523,
                -0.8962690830230713,
                0.384355366230011
            ],
            [
                0.9982548356056213,
                -0.02517409436404705,
                0.05341896787285805,
                -0.022101735696196556
            ],
            [
                0.0009182155481539667,
                -0.8978591561317444,
                -0.44028186798095703,
                0.38797006011009216
            ],
            [
                0.0,
                0.0,
                0.0,
                1.0
            ]
        ],
        "camera_intrinsics": [
            [
                400.0,
                0.0,
                360.0
            ],
            [
                0.0,
                400.0,
                202.5
            ],
            [
                0.0,
                0.0,
                1.0
            ]
        ],
        "camera_height": 405,
        "camera_width": 720,
        "camera_id": 0,
        "depth_path": "/media/scratch1/mroncoroni/depth/depth000006.png",
        "T_colmap_camera": [
            [
                0.9765543667517892,
                -0.1321702226206242,
                0.1699196096986773,
                -1.4311551327578977
            ],
            [
                0.09485800698122282,
                0.9727656891507216,
                0.21149219363611685,
                -0.2729999556547343
            ],
            [
                -0.19324492987435185,
                -0.19041532720593668,
                0.9624958624023063,
                -4.082022861684058
            ],
            [
                0.0,
                0.0,
                0.0,
                1.0
            ]
        ],
        "lidar_path": "/media/scratch1/mroncoroni/groundtruth/replica/room_1/laser_scan/laser_scan_frame_7_noise.ply",
        "T_camera_lidar": [
            [
                1.0,
                0.0,
                0.0,
                0.0
            ],
            [
                0.0,
                1.0,
                0.0,
                0.0
            ],
            [
                0.0,
                0.0,
                1.0,
                0.0
            ],
            [
                0.0,
                0.0,
                0.0,
                1.0
            ]
        ],
        "T_pointcloud_camera_perturbed": [
            [
                0.058245062828063965,
                0.4343947172164917,
                -0.8988375067710876,
                0.3989514708518982
            ],
            [
                0.997836709022522,
                0.0021639466285705566,
                0.06570619344711304,
                -0.03451262041926384
            ],
            [
                0.030487537384033203,
                -0.9007200598716736,
                -0.43332910537719727,
                0.4320312738418579
            ],
            [
                0.0,
                0.0,
                0.0,
                1.0
            ]
        ]
    },
    {
        "image_path": "/media/scratch1/mroncoroni/colmap_projects/replica/room_1_high_quality_500_frames/images/frame000007.jpg",
        "T_pointcloud_camera": [
            [
                0.05862416326999664,
                0.4378359615802765,
                -0.8971415162086487,
                0.38457322120666504
            ],
            [
                0.998279333114624,
                -0.024594755843281746,
                0.053229980170726776,
                -0.0013040108606219292
            ],
            [
                0.0012410227209329605,
                -0.8987184166908264,
                -0.438524454832077,
                0.3785567879676819
            ],
            [
                0.0,
                0.0,
                0.0,
                1.0
            ]
        ],
        "camera_intrinsics": [
            [
                400.0,
                0.0,
                360.0
            ],
            [
                0.0,
                400.0,
                202.5
            ],
            [
                0.0,
                0.0,
                1.0
            ]
        ],
        "camera_height": 405,
        "camera_width": 720,
        "camera_id": 0,
        "depth_path": "/media/scratch1/mroncoroni/depth/depth000007.png",
        "T_colmap_camera": [
            [
                0.9766574877167423,
                -0.13137302734655748,
                0.16994492839562328,
                -1.390011515973189
            ],
            [
                0.09444515657140512,
                0.973222667903571,
                0.20956580585754134,
                -0.25077567546760576
            ],
            [
                -0.19292553298431142,
                -0.1886234991195251,
                0.962912691166418,
                -4.083396421538598
            ],
            [
                0.0,
                0.0,
                0.0,
                1.0
            ]
        ],
        "lidar_path": "/media/scratch1/mroncoroni/groundtruth/replica/room_1/laser_scan/laser_scan_frame_8_noise.ply",
        "T_camera_lidar": [
            [
                1.0,
                0.0,
                0.0,
                0.0
            ],
            [
                0.0,
                1.0,
                0.0,
                0.0
            ],
            [
                0.0,
                0.0,
                1.0,
                0.0
            ],
            [
                0.0,
                0.0,
                0.0,
                1.0
            ]
        ],
        "T_pointcloud_camera_perturbed": [
            [
                0.05598574876785278,
                0.4074477255344391,
                -0.9115108251571655,
                0.36735156178474426
            ],
            [
                0.9983733892440796,
                -0.032706379890441895,
                0.0467011034488678,
                0.040176745504140854
            ],
            [
                -0.010783970355987549,
                -0.9126427173614502,
                -0.4086160659790039,
                0.40740782022476196
            ],
            [
                0.0,
                0.0,
                0.0,
                1.0
            ]
        ]
    },
    {
        "image_path": "/media/scratch1/mroncoroni/colmap_projects/replica/room_1_high_quality_500_frames/images/frame000009.jpg",
        "T_pointcloud_camera": [
            [
                0.057340700179338455,
                0.43365368247032166,
                -0.8992533087730408,
                0.3850902318954468
            ],
            [
                0.9983526468276978,
                -0.023082204163074493,
                0.05252864211797714,
                0.048048216849565506
            ],
            [
                0.002022489672526717,
                -0.9007839560508728,
                -0.43426281213760376,
                0.35621944069862366
            ],
            [
                0.0,
                0.0,
                0.0,
                1.0
            ]
        ],
        "camera_intrinsics": [
            [
                400.0,
                0.0,
                360.0
            ],
            [
                0.0,
                400.0,
                202.5
            ],
            [
                0.0,
                0.0,
                1.0
            ]
        ],
        "camera_height": 405,
        "camera_width": 720,
        "camera_id": 0,
        "depth_path": "/media/scratch1/mroncoroni/depth/depth000009.png",
        "T_colmap_camera": [
            [
                0.976960862799673,
                -0.1293334419478117,
                0.16976578813584697,
                -1.2923792587336118
            ],
            [
                0.09338319327566637,
                0.974323190139647,
                0.2048755283976156,
                -0.1980382555919849
            ],
            [
                -0.19190399471544914,
                -0.18430207980907637,
                0.9639530508686371,
                -4.086655922740385
            ],
            [
                0.0,
                0.0,
                0.0,
                1.0
            ]
        ],
        "lidar_path": "/media/scratch1/mroncoroni/groundtruth/replica/room_1/laser_scan/laser_scan_frame_10_noise.ply",
        "T_camera_lidar": [
            [
                1.0,
                0.0,
                0.0,
                0.0
            ],
            [
                0.0,
                1.0,
                0.0,
                0.0
            ],
            [
                0.0,
                0.0,
                1.0,
                0.0
            ],
            [
                0.0,
                0.0,
                0.0,
                1.0
            ]
        ],
        "T_pointcloud_camera_perturbed": [
            [
                0.07096719741821289,
                0.40140804648399353,
                -0.9131457209587097,
                0.3875800371170044
            ],
            [
                0.9974772930145264,
                -0.027084827423095703,
                0.06561487913131714,
                0.04146488755941391
            ],
            [
                0.0016058683395385742,
                -0.915498673915863,
                -0.40231752395629883,
                0.36147886514663696
            ],
            [
                0.0,
                0.0,
                0.0,
                1.0
            ]
        ]
    },
    {
        "image_path": "/media/scratch1/mroncoroni/colmap_projects/replica/room_1_high_quality_500_frames/images/frame000010.jpg",
        "T_pointcloud_camera": [
            [
                0.05643969401717186,
                0.4312079846858978,
                -0.9004855751991272,
                0.385386198759079
            ],
            [
                0.9984029531478882,
                -0.022136589512228966,
                0.05197649076581001,
                0.07630148530006409
            ],
            [
                0.0024790007155388594,
                -0.9019809365272522,
                -0.4317687153816223,
                0.3434317111968994
            ],
            [
                0.0,
                0.0,
                0.0,
                1.0
            ]
        ],
        "camera_intrinsics": [
            [
                400.0,
                0.0,
                360.0
            ],
            [
                0.0,
                400.0,
                202.5
            ],
            [
                0.0,
                0.0,
                1.0
            ]
        ],
        "camera_height": 405,
        "camera_width": 720,
        "camera_id": 0,
        "depth_path": "/media/scratch1/mroncoroni/depth/depth000010.png",
        "T_colmap_camera": [
            [
                0.977168568357241,
                -0.12807992161832824,
                0.16952049868529007,
                -1.236486531971108
            ],
            [
                0.09272658502702125,
                0.9749611978262054,
                0.20211991567356302,
                -0.16784703660924066
            ],
            [
                -0.19116340770305829,
                -0.1817861268074463,
                0.9645777925659808,
                -4.0885219057377205
            ],
            [
                0.0,
                0.0,
                0.0,
                1.0
            ]
        ],
        "lidar_path": "/media/scratch1/mroncoroni/groundtruth/replica/room_1/laser_scan/laser_scan_frame_11_noise.ply",
        "T_camera_lidar": [
            [
                1.0,
                0.0,
                0.0,
                0.0
            ],
            [
                0.0,
                1.0,
                0.0,
                0.0
            ],
            [
                0.0,
                0.0,
                1.0,
                0.0
            ],
            [
                0.0,
                0.0,
                0.0,
                1.0
            ]
        ],
        "T_pointcloud_camera_perturbed": [
            [
                0.04346966743469238,
                0.43136027455329895,
                -0.9011319279670715,
                0.3877803087234497
            ],
            [
                0.9990535974502563,
                -0.017362356185913086,
                0.03988224267959595,
                0.06768916547298431
            ],
            [
                0.0015578866004943848,
                -0.9020127058029175,
                -0.4317067861557007,
                0.3194120228290558
            ],
            [
                0.0,
                0.0,
                0.0,
                1.0
            ]
        ]
    },
    {
        "image_path": "/media/scratch1/mroncoroni/colmap_projects/replica/room_1_high_quality_500_frames/images/frame000011.jpg",
        "T_pointcloud_camera": [
            [
                0.055339016020298004,
                0.42853233218193054,
                -0.9018301367759705,
                0.3857050836086273
            ],
            [
                0.9984631538391113,
                -0.0210570078343153,
                0.05126282572746277,
                0.10673869401216507
            ],
            [
                0.0029779321048408747,
                -0.903281033039093,
                -0.42903900146484375,
                0.3296554684638977
            ],
            [
                0.0,
                0.0,
                0.0,
                1.0
            ]
        ],
        "camera_intrinsics": [
            [
                400.0,
                0.0,
                360.0
            ],
            [
                0.0,
                400.0,
                202.5
            ],
            [
                0.0,
                0.0,
                1.0
            ]
        ],
        "camera_height": 405,
        "camera_width": 720,
        "camera_id": 0,
        "depth_path": "/media/scratch1/mroncoroni/depth/depth000011.png",
        "T_colmap_camera": [
            [
                0.9774184363025493,
                -0.12666363596786823,
                0.16914344976161766,
                -1.1762733875049134
            ],
            [
                0.09198113891228651,
                0.9756537532433421,
                0.19909607107827176,
                -0.13532197974390997
            ],
            [
                -0.1902436660385001,
                -0.17904215791572606,
                0.9652725587357374,
                -4.0905321854861665
            ],
            [
                0.0,
                0.0,
                0.0,
                1.0
            ]
        ],
        "lidar_path": "/media/scratch1/mroncoroni/groundtruth/replica/room_1/laser_scan/laser_scan_frame_12_noise.ply",
        "T_camera_lidar": [
            [
                1.0,
                0.0,
                0.0,
                0.0
            ],
            [
                0.0,
                1.0,
                0.0,
                0.0
            ],
            [
                0.0,
                0.0,
                1.0,
                0.0
            ],
            [
                0.0,
                0.0,
                0.0,
                1.0
            ]
        ],
        "T_pointcloud_camera_perturbed": [
            [
                0.03956484794616699,
                0.4346400499343872,
                -0.8997347354888916,
                0.3736215829849243
            ],
            [
                0.9990696907043457,
                -0.032669663429260254,
                0.028151124715805054,
                0.1343504637479782
            ],
            [
                -0.01715835928916931,
                -0.9000115394592285,
                -0.4355282783508301,
                0.33071169257164
            ],
            [
                0.0,
                0.0,
                0.0,
                1.0
            ]
        ]
    },
    {
        "image_path": "/media/scratch1/mroncoroni/colmap_projects/replica/room_1_high_quality_500_frames/images/frame000012.jpg",
        "T_pointcloud_camera": [
            [
                0.05401875451207161,
                0.4256308972835541,
                -0.9032830595970154,
                0.3860451877117157
            ],
            [
                0.9985337257385254,
                -0.01983828842639923,
                0.05036711320281029,
                0.13920924067497253
            ],
            [
                0.003518209094181657,
                -0.9046793580055237,
                -0.4260784387588501,
                0.31495895981788635
            ],
            [
                0.0,
                0.0,
                0.0,
                1.0
            ]
        ],
        "camera_intrinsics": [
            [
                400.0,
                0.0,
                360.0
            ],
            [
                0.0,
                400.0,
                202.5
            ],
            [
                0.0,
                0.0,
                1.0
            ]
        ],
        "camera_height": 405,
        "camera_width": 720,
        "camera_id": 0,
        "depth_path": "/media/scratch1/mroncoroni/depth/depth000012.png",
        "T_colmap_camera": [
            [
                0.9777139303810228,
                -0.12507989869107336,
                0.1686135550565423,
                -1.1120377125571344
            ],
            [
                0.09114308121718179,
                0.976397570818537,
                0.19580788784807734,
                -0.10062424248835461
            ],
            [
                -0.18912549230408404,
                -0.17607611253347438,
                0.9660375948673767,
                -4.092676620890295
            ],
            [
                0.0,
                0.0,
                0.0,
                1.0
            ]
        ],
        "lidar_path": "/media/scratch1/mroncoroni/groundtruth/replica/room_1/laser_scan/laser_scan_frame_13_noise.ply",
        "T_camera_lidar": [
            [
                1.0,
                0.0,
                0.0,
                0.0
            ],
            [
                0.0,
                1.0,
                0.0,
                0.0
            ],
            [
                0.0,
                0.0,
                1.0,
                0.0
            ],
            [
                0.0,
                0.0,
                0.0,
                1.0
            ]
        ],
        "T_pointcloud_camera_perturbed": [
            [
                0.020019471645355225,
                0.4404682517051697,
                -0.8975448608398438,
                0.3859831392765045
            ],
            [
                0.9997913241386414,
                -0.005181074142456055,
                0.019757390022277832,
                0.1502060741186142
            ],
            [
                0.004052251577377319,
                -0.8977531790733337,
                -0.44047999382019043,
                0.2919587194919586
            ],
            [
                0.0,
                0.0,
                0.0,
                1.0
            ]
        ]
    },
    {
        "image_path": "/media/scratch1/mroncoroni/colmap_projects/replica/room_1_high_quality_500_frames/images/frame000013.jpg",
        "T_pointcloud_camera": [
            [
                0.0524589829146862,
                0.4225081205368042,
                -0.9048397541046143,
                0.3864050805568695
            ],
            [
                0.9986146688461304,
                -0.018475767225027084,
                0.049268558621406555,
                0.17356252670288086
            ],
            [
                0.004098756704479456,
                -0.9061707854270935,
                -0.4228920042514801,
                0.29941031336784363
            ],
            [
                0.0,
                0.0,
                0.0,
                1.0
            ]
        ],
        "camera_intrinsics": [
            [
                400.0,
                0.0,
                360.0
            ],
            [
                0.0,
                400.0,
                202.5
            ],
            [
                0.0,
                0.0,
                1.0
            ]
        ],
        "camera_height": 405,
        "camera_width": 720,
        "camera_id": 0,
        "depth_path": "/media/scratch1/mroncoroni/depth/depth000013.png",
        "T_colmap_camera": [
            [
                0.978058045843978,
                -0.12332455395934136,
                0.16790936134189166,
                -1.0440774816908127
            ],
            [
                0.09020859595892596,
                0.9771891586200303,
                0.19225959932211145,
                -0.06391461171884188
            ],
            [
                -0.18778952956842876,
                -0.17289417801129123,
                0.9668726069134223,
                -4.09494553651908
            ],
            [
                0.0,
                0.0,
                0.0,
                1.0
            ]
        ],
        "lidar_path": "/media/scratch1/mroncoroni/groundtruth/replica/room_1/laser_scan/laser_scan_frame_14_noise.ply",
        "T_camera_lidar": [
            [
                1.0,
                0.0,
                0.0,
                0.0
            ],
            [
                0.0,
                1.0,
                0.0,
                0.0
            ],
            [
                0.0,
                0.0,
                1.0,
                0.0
            ],
            [
                0.0,
                0.0,
                0.0,
                1.0
            ]
        ],
        "T_pointcloud_camera_perturbed": [
            [
                0.0807797908782959,
                0.42049580812454224,
                -0.903691291809082,
                0.3818046748638153
            ],
            [
                0.9966316819190979,
                -0.021211743354797363,
                0.07921770215034485,
                0.19292016327381134
            ],
            [
                0.014141887426376343,
                -0.9070465564727783,
                -0.42079293727874756,
                0.2729015350341797
            ],
            [
                0.0,
                0.0,
                0.0,
                1.0
            ]
        ]
    },
    {
        "image_path": "/media/scratch1/mroncoroni/colmap_projects/replica/room_1_high_quality_500_frames/images/frame000014.jpg",
        "T_pointcloud_camera": [
            [
                0.050639644265174866,
                0.4191678464412689,
                -0.9064953923225403,
                0.38678309321403503
            ],
            [
                0.9987058639526367,
                -0.016965245828032494,
                0.04794599488377571,
                0.20964786410331726
            ],
            [
                0.00471850112080574,
                -0.9077502489089966,
