[
    {
        "image_path": "/media/scratch1/mroncoroni/colmap_projects/replica/room_1_high_quality_500_frames/images/frame000001.jpg",
        "T_pointcloud_camera": [
            [
                0.9762397433,
                -0.1325787447,
                0.1714025675,
                -1.5516846761
            ],
            [
                0.0939138093,
                0.9717073655,
                0.2167140795,
                -0.3301121737
            ],
            [
                -0.1952848179,
                -0.1954678293,
                0.961070324,
                -4.0682882737
            ],
            [
                0.0,
                0.0,
                0.0,
                1.0
            ]
        ],
        "camera_intrinsics": [
            [
                400.1979473198,
                0.0,
                360.0
            ],
            [
                0.0,
                400.2077112856,
                202.5
            ],
            [
                0.0,
                0.0,
                1.0
            ]
        ],
        "camera_height": 405,
        "camera_width": 720,
        "camera_id": 1,
        "depth_path": "/media/scratch1/mroncoroni/depth/depth000001.png",
        "lidar_path": "/media/scratch1/mroncoroni/groundtruth/replica/room_1/laser_scan/laser_scan_frame_2_noise.ply",
        "T_camera_lidar": [
            [
                1.0,
                0.0,
                0.0,
                0.0
            ],
            [
                0.0,
                1.0,
                0.0,
                0.0
            ],
            [
                0.0,
                0.0,
                1.0,
                0.0
            ],
            [
                0.0,
                0.0,
                0.0,
                1.0
            ]
        ]
    },
    {
        "image_path": "/media/scratch1/mroncoroni/colmap_projects/replica/room_1_high_quality_500_frames/images/frame000002.jpg",
        "T_pointcloud_camera": [
            [
                0.9762237441,
                -0.1326320604,
                0.1714524363,
                -1.5409877328
            ],
            [
                0.0940252774,
                0.97177169,
                0.2163770544,
                -0.3244880708
            ],
            [
                -0.1953111583,
                -0.1951115553,
                0.961137364,
                -4.0683354399
            ],
            [
                0.0,
                0.0,
                0.0,
                1.0
            ]
        ],
        "camera_intrinsics": [
            [
                400.1979473198,
                0.0,
                360.0
            ],
            [
                0.0,
                400.2077112856,
                202.5
            ],
            [
                0.0,
                0.0,
                1.0
            ]
        ],
        "camera_height": 405,
        "camera_width": 720,
        "camera_id": 1,
        "depth_path": "/media/scratch1/mroncoroni/depth/depth000002.png",
        "lidar_path": "/media/scratch1/mroncoroni/groundtruth/replica/room_1/laser_scan/laser_scan_frame_3_noise.ply",
        "T_camera_lidar": [
            [
                1.0,
                0.0,
                0.0,
                0.0
            ],
            [
                0.0,
                1.0,
                0.0,
                0.0
            ],
            [
                0.0,
                0.0,
                1.0,
                0.0
            ],
            [
                0.0,
                0.0,
                0.0,
                1.0
            ]
        ]
    },
    {
        "image_path": "/media/scratch1/mroncoroni/colmap_projects/replica/room_1_high_quality_500_frames/images/frame000003.jpg",
        "T_pointcloud_camera": [
            [
                0.9762537815,
                -0.1323389848,
                0.1715078634,
                -1.5236671105
            ],
            [
                0.0938855047,
                0.9719636971,
                0.2155738472,
                -0.3157407054
            ],
            [
                -0.1952282411,
                -0.1943526812,
                0.9613079471,
                -4.0691358205
            ],
            [
                0.0,
                0.0,
                0.0,
                1.0
            ]
        ],
        "camera_intrinsics": [
            [
                400.1979473198,
                0.0,
                360.0
            ],
            [
                0.0,
                400.2077112856,
                202.5
            ],
            [
                0.0,
                0.0,
                1.0
            ]
        ],
        "camera_height": 405,
        "camera_width": 720,
        "camera_id": 1,
        "depth_path": "/media/scratch1/mroncoroni/depth/depth000003.png",
        "lidar_path": "/media/scratch1/mroncoroni/groundtruth/replica/room_1/laser_scan/laser_scan_frame_4_noise.ply",
        "T_camera_lidar": [
            [
                1.0,
                0.0,
                0.0,
                0.0
            ],
            [
                0.0,
                1.0,
                0.0,
                0.0
            ],
            [
                0.0,
                0.0,
                1.0,
                0.0
            ],
            [
                0.0,
                0.0,
                0.0,
                1.0
            ]
        ]
    },
    {
        "image_path": "/media/scratch1/mroncoroni/colmap_projects/replica/room_1_high_quality_500_frames/images/frame000004.jpg",
        "T_pointcloud_camera": [
            [
                0.976245004,
                -0.1320582388,
                0.1717740193,
                -1.500704734
            ],
            [
                0.0937784499,
                0.9722200569,
                0.2144615662,
                -0.3031230224
            ],
            [
                -0.1953235635,
                -0.1932583313,
                0.9615091902,
                -4.069879131
            ],
            [
                0.0,
                0.0,
                0.0,
                1.0
            ]
        ],
        "camera_intrinsics": [
            [
                400.1979473198,
                0.0,
                360.0
            ],
            [
                0.0,
                400.2077112856,
                202.5
            ],
            [
                0.0,
                0.0,
                1.0
            ]
        ],
        "camera_height": 405,
        "camera_width": 720,
        "camera_id": 1,
        "depth_path": "/media/scratch1/mroncoroni/depth/depth000004.png",
        "lidar_path": "/media/scratch1/mroncoroni/groundtruth/replica/room_1/laser_scan/laser_scan_frame_5_noise.ply",
        "T_camera_lidar": [
            [
                1.0,
                0.0,
                0.0,
                0.0
            ],
            [
                0.0,
                1.0,
                0.0,
                0.0
            ],
            [
                0.0,
                0.0,
                1.0,
                0.0
            ],
            [
                0.0,
                0.0,
                0.0,
                1.0
            ]
        ]
    },
    {
        "image_path": "/media/scratch1/mroncoroni/colmap_projects/replica/room_1_high_quality_500_frames/images/frame000005.jpg",
        "T_pointcloud_camera": [
            [
                0.9763139864,
                -0.1313328818,
                0.1719379949,
                -1.4713732048
            ],
            [
                0.093282111,
                0.9725481084,
                0.2131868302,
                -0.2871904464
            ],
            [
                -0.1952164125,
                -0.1920985449,
                0.9617633292,
                -4.0706958427
            ],
            [
                0.0,
                0.0,
                0.0,
                1.0
            ]
        ],
        "camera_intrinsics": [
            [
                400.1979473198,
                0.0,
                360.0
            ],
            [
                0.0,
                400.2077112856,
                202.5
            ],
            [
                0.0,
                0.0,
                1.0
            ]
        ],
        "camera_height": 405,
        "camera_width": 720,
        "camera_id": 1,
        "depth_path": "/media/scratch1/mroncoroni/depth/depth000005.png",
        "lidar_path": "/media/scratch1/mroncoroni/groundtruth/replica/room_1/laser_scan/laser_scan_frame_6_noise.ply",
        "T_camera_lidar": [
            [
                1.0,
                0.0,
                0.0,
                0.0
            ],
            [
                0.0,
                1.0,
                0.0,
                0.0
            ],
            [
                0.0,
                0.0,
                1.0,
                0.0
            ],
            [
                0.0,
                0.0,
                0.0,
                1.0
            ]
        ]
    },
    {
        "image_path": "/media/scratch1/mroncoroni/colmap_projects/replica/room_1_high_quality_500_frames/images/frame000006.jpg",
        "T_pointcloud_camera": [
            [
                0.976445332,
                -0.1305960521,
                0.1717532673,
                -1.4345832787
            ],
            [
                0.0929582713,
                0.9729814308,
                0.2113430744,
                -0.2674474018
            ],
            [
                -0.194713311,
                -0.1903990716,
                0.9622031595,
                -4.0725029896
            ],
            [
                0.0,
                0.0,
                0.0,
                1.0
            ]
        ],
        "camera_intrinsics": [
            [
                400.1979473198,
                0.0,
                360.0
            ],
            [
                0.0,
                400.2077112856,
                202.5
            ],
            [
                0.0,
                0.0,
                1.0
            ]
        ],
        "camera_height": 405,
        "camera_width": 720,
        "camera_id": 1,
        "depth_path": "/media/scratch1/mroncoroni/depth/depth000006.png",
        "lidar_path": "/media/scratch1/mroncoroni/groundtruth/replica/room_1/laser_scan/laser_scan_frame_7_noise.ply",
        "T_camera_lidar": [
            [
                1.0,
                0.0,
                0.0,
                0.0
            ],
            [
                0.0,
                1.0,
                0.0,
                0.0
            ],
            [
                0.0,
                0.0,
                1.0,
                0.0
            ],
            [
                0.0,
                0.0,
                0.0,
                1.0
            ]
        ]
    },
    {
        "image_path": "/media/scratch1/mroncoroni/colmap_projects/replica/room_1_high_quality_500_frames/images/frame000007.jpg",
        "T_pointcloud_camera": [
            [
                0.9765317939,
                -0.1300758677,
                0.1716564128,
                -1.3928393168
            ],
            [
                0.0927952524,
                0.9733569628,
                0.2096789551,
                -0.246434534
            ],
            [
                -0.1943571367,
                -0.188829266,
                0.962584444,
                -4.0746250397
            ],
            [
                0.0,
                0.0,
                0.0,
                1.0
            ]
        ],
        "camera_intrinsics": [
            [
                400.1979473198,
                0.0,
                360.0
            ],
            [
                0.0,
                400.2077112856,
                202.5
            ],
            [
                0.0,
                0.0,
                1.0
            ]
        ],
        "camera_height": 405,
        "camera_width": 720,
        "camera_id": 1,
        "depth_path": "/media/scratch1/mroncoroni/depth/depth000007.png",
        "lidar_path": "/media/scratch1/mroncoroni/groundtruth/replica/room_1/laser_scan/laser_scan_frame_8_noise.ply",
        "T_camera_lidar": [
            [
                1.0,
                0.0,
                0.0,
                0.0
            ],
            [
                0.0,
                1.0,
                0.0,
                0.0
            ],
            [
                0.0,
                0.0,
                1.0,
                0.0
            ],
            [
                0.0,
                0.0,
                0.0,
                1.0
            ]
        ]
    },
    {
        "image_path": "/media/scratch1/mroncoroni/colmap_projects/replica/room_1_high_quality_500_frames/images/frame000009.jpg",
        "T_pointcloud_camera": [
            [
                0.9767826738,
                -0.1281294236,
                0.1716929204,
                -1.2962483168
            ],
            [
                0.0918142915,
                0.9744719474,
                0.2048769375,
                -0.1938764722
            ],
            [
                -0.1935606984,
                -0.184356379,
                0.9636114266,
                -4.0772515313
            ],
            [
                0.0,
                0.0,
                0.0,
                1.0
            ]
        ],
        "camera_intrinsics": [
            [
                400.1979473198,
                0.0,
                360.0
            ],
            [
                0.0,
                400.2077112856,
                202.5
            ],
            [
                0.0,
                0.0,
                1.0
            ]
        ],
        "camera_height": 405,
        "camera_width": 720,
        "camera_id": 1,
        "depth_path": "/media/scratch1/mroncoroni/depth/depth000009.png",
        "lidar_path": "/media/scratch1/mroncoroni/groundtruth/replica/room_1/laser_scan/laser_scan_frame_10_noise.ply",
        "T_camera_lidar": [
            [
                1.0,
                0.0,
                0.0,
                0.0
            ],
            [
                0.0,
                1.0,
                0.0,
                0.0
            ],
            [
                0.0,
                0.0,
                1.0,
                0.0
            ],
            [
                0.0,
                0.0,
                0.0,
                1.0
            ]
        ]
    },
    {
        "image_path": "/media/scratch1/mroncoroni/colmap_projects/replica/room_1_high_quality_500_frames/images/frame000010.jpg",
        "T_pointcloud_camera": [
            [
                0.9770167757,
                -0.1269327134,
                0.1712492517,
                -1.2399826832
            ],
            [
                0.0912664977,
                0.9751092622,
                0.2020701691,
                -0.1639161485
            ],
            [
                -0.1926360463,
                -0.1817966257,
                0.9642828115,
                -4.0798577657
            ],
            [
                0.0,
                0.0,
                0.0,
                1.0
            ]
        ],
        "camera_intrinsics": [
            [
                400.1979473198,
                0.0,
                360.0
            ],
            [
                0.0,
                400.2077112856,
                202.5
            ],
            [
                0.0,
                0.0,
                1.0
            ]
        ],
        "camera_height": 405,
        "camera_width": 720,
        "camera_id": 1,
        "depth_path": "/media/scratch1/mroncoroni/depth/depth000010.png",
        "lidar_path": "/media/scratch1/mroncoroni/groundtruth/replica/room_1/laser_scan/laser_scan_frame_11_noise.ply",
        "T_camera_lidar": [
            [
                1.0,
                0.0,
                0.0,
                0.0
            ],
            [
                0.0,
                1.0,
                0.0,
                0.0
            ],
            [
                0.0,
                0.0,
                1.0,
                0.0
            ],
            [
                0.0,
                0.0,
                0.0,
                1.0
            ]
        ]
    },
    {
        "image_path": "/media/scratch1/mroncoroni/colmap_projects/replica/room_1_high_quality_500_frames/images/frame000011.jpg",
        "T_pointcloud_camera": [
            [
                0.9772898242,
                -0.1254871144,
                0.1707559185,
                -1.1795571194
            ],
            [
                0.0904303398,
                0.9757189549,
                0.1994865277,
                -0.1331340074
            ],
            [
                -0.1916427751,
                -0.1795146379,
                0.9649080482,
                -4.0817145199
            ],
            [
                0.0,
                0.0,
                0.0,
                1.0
            ]
        ],
        "camera_intrinsics": [
            [
                400.1979473198,
                0.0,
                360.0
            ],
            [
                0.0,
                400.2077112856,
                202.5
            ],
            [
                0.0,
                0.0,
                1.0
            ]
        ],
        "camera_height": 405,
        "camera_width": 720,
        "camera_id": 1,
        "depth_path": "/media/scratch1/mroncoroni/depth/depth000011.png",
        "lidar_path": "/media/scratch1/mroncoroni/groundtruth/replica/room_1/laser_scan/laser_scan_frame_12_noise.ply",
        "T_camera_lidar": [
            [
                1.0,
                0.0,
                0.0,
                0.0
            ],
            [
                0.0,
                1.0,
                0.0,
                0.0
            ],
            [
                0.0,
                0.0,
                1.0,
                0.0
            ],
            [
                0.0,
                0.0,
                0.0,
                1.0
            ]
        ]
    },
    {
        "image_path": "/media/scratch1/mroncoroni/colmap_projects/replica/room_1_high_quality_500_frames/images/frame000012.jpg",
        "T_pointcloud_camera": [
            [
                0.9775620546,
                -0.1238505579,
                0.1703921026,
                -1.1159188369
            ],
            [
                0.0895610614,
                0.97651323,
                0.1959610369,
                -0.0975938099
            ],
            [
                -0.1906600262,
                -0.1763035763,
                0.9656944669,
                -4.0837772251
            ],
            [
                0.0,
                0.0,
                0.0,
                1.0
            ]
        ],
        "camera_intrinsics": [
            [
                400.1979473198,
                0.0,
                360.0
            ],
            [
                0.0,
                400.2077112856,
                202.5
            ],
            [
                0.0,
                0.0,
                1.0
            ]
        ],
        "camera_height": 405,
        "camera_width": 720,
        "camera_id": 1,
        "depth_path": "/media/scratch1/mroncoroni/depth/depth000012.png",
        "lidar_path": "/media/scratch1/mroncoroni/groundtruth/replica/room_1/laser_scan/laser_scan_frame_13_noise.ply",
        "T_camera_lidar": [
            [
                1.0,
                0.0,
                0.0,
                0.0
            ],
            [
                0.0,
                1.0,
                0.0,
                0.0
            ],
            [
                0.0,
                0.0,
                1.0,
                0.0
            ],
            [
                0.0,
                0.0,
                0.0,
                1.0
            ]
        ]
    },
    {
        "image_path": "/media/scratch1/mroncoroni/colmap_projects/replica/room_1_high_quality_500_frames/images/frame000013.jpg",
        "T_pointcloud_camera": [
            [
                0.9779305919,
                -0.1220417335,
                0.1695805786,
                -1.0478926371
            ],
            [
                0.0885600071,
                0.977271577,
                0.1926068271,
                -0.0617852415
            ],
            [
                -0.1892323506,
                -0.1733380512,
                0.9665117886,
                -4.0861863402
            ],
            [
                0.0,
                0.0,
                0.0,
                1.0
            ]
        ],
        "camera_intrinsics": [
            [
                400.1979473198,
                0.0,
                360.0
            ],
            [
                0.0,
                400.2077112856,
                202.5
            ],
            [
                0.0,
                0.0,
                1.0
            ]
        ],
        "camera_height": 405,
        "camera_width": 720,
        "camera_id": 1,
        "depth_path": "/media/scratch1/mroncoroni/depth/depth000013.png",
        "lidar_path": "/media/scratch1/mroncoroni/groundtruth/replica/room_1/laser_scan/laser_scan_frame_14_noise.ply",
        "T_camera_lidar": [
            [
                1.0,
                0.0,
                0.0,
                0.0
            ],
            [
                0.0,
                1.0,
                0.0,
                0.0
            ],
            [
                0.0,
                0.0,
                1.0,
                0.0
            ],
            [
                0.0,
                0.0,
                0.0,
                1.0
            ]
        ]
    },
    {
        "image_path": "/media/scratch1/mroncoroni/colmap_projects/replica/room_1_high_quality_500_frames/images/frame000014.jpg",
        "T_pointcloud_camera": [
            [
                0.9783118943,
                -0.1202631085,
                0.1686494062,
                -0.9767328854
            ],
            [
                0.0877077342,
                0.9781093293,
                0.1887047784,
                -0.0239385633
            ],
            [
                -0.1876517808,
                -0.1698202719,
                0.9674439955,
                -4.0892145519
            ],
            [
                0.0,
                0.0,
                0.0,
                1.0
            ]
        ],
        "camera_intrinsics": [
            [
                400.1979473198,
                0.0,
                360.0
            ],
            [
                0.0,
                400.2077112856,
                202.5
            ],
            [
                0.0,
                0.0,
                1.0
            ]
        ],
        "camera_height": 405,
        "camera_width": 720,
        "camera_id": 1,
        "depth_path": "/media/scratch1/mroncoroni/depth/depth000014.png",
        "lidar_path": "/media/scratch1/mroncoroni/groundtruth/replica/room_1/laser_scan/laser_scan_frame_15_noise.ply",
        "T_camera_lidar": [
            [
                1.0,
                0.0,
                0.0,
                0.0
            ],
            [
                0.0,
                1.0,
                0.0,
                0.0
            ],
            [
                0.0,
                0.0,
                1.0,
                0.0
            ],
            [
                0.0,
                0.0,
                0.0,
                1.0
            ]
        ]
    },
    {
        "image_path": "/media/scratch1/mroncoroni/colmap_projects/replica/room_1_high_quality_500_frames/images/frame000015.jpg",
        "T_pointcloud_camera": [
            [
                0.9787105384,
                -0.1184629904,
                0.167607285,
                -0.9027307743
            ],
            [
                0.0867904584,
                0.9788854724,
                0.1850693068,
                0.0145372153
            ],
            [
                -0.1859921999,
                -0.1665825678,
                0.9683269849,
                -4.0911296777
            ],
            [
                0.0,
                0.0,
                0.0,
                1.0
            ]
        ],
        "camera_intrinsics": [
            [
                400.1979473198,
                0.0,
                360.0
            ],
            [
                0.0,
                400.2077112856,
                202.5
            ],
            [
                0.0,
                0.0,
                1.0
            ]
        ],
        "camera_height": 405,
        "camera_width": 720,
        "camera_id": 1,
        "depth_path": "/media/scratch1/mroncoroni/depth/depth000015.png",
        "lidar_path": "/media/scratch1/mroncoroni/groundtruth/replica/room_1/laser_scan/laser_scan_frame_16_noise.ply",
        "T_camera_lidar": [
            [
                1.0,
                0.0,
                0.0,
                0.0
            ],
            [
                0.0,
                1.0,
                0.0,
                0.0
            ],
            [
                0.0,
                0.0,
                1.0,
                0.0
            ],
            [
                0.0,
                0.0,
                0.0,
                1.0
            ]
        ]
    },
    {
        "image_path": "/media/scratch1/mroncoroni/colmap_projects/replica/room_1_high_quality_500_frames/images/frame000017.jpg",
        "T_pointcloud_camera": [
            [
                0.9798496627,
                -0.1134110355,
                0.1644158617,
                -0.7452985144
            ],
            [
                0.0839570594,
                0.9807728067,
                0.1761701276,
                0.0994062148
            ],
            [
                -0.1812342427,
                -0.1588163678,
                0.9705315608,
                -4.0973393634
            ],
            [
                0.0,
                0.0,
                0.0,
                1.0
            ]
        ],
        "camera_intrinsics": [
            [
                400.1979473198,
                0.0,
                360.0
            ],
            [
                0.0,
                400.2077112856,
                202.5
            ],
            [
                0.0,
                0.0,
                1.0
            ]
        ],
        "camera_height": 405,
        "camera_width": 720,
        "camera_id": 1,
        "depth_path": "/media/scratch1/mroncoroni/depth/depth000017.png",
        "lidar_path": "/media/scratch1/mroncoroni/groundtruth/replica/room_1/laser_scan/laser_scan_frame_18_noise.ply",
        "T_camera_lidar": [
            [
                1.0,
                0.0,
                0.0,
                0.0
            ],
            [
                0.0,
                1.0,
                0.0,
                0.0
            ],
            [
                0.0,
                0.0,
                1.0,
                0.0
            ],
            [
                0.0,
                0.0,
                0.0,
                1.0
            ]
        ]
    },
    {
        "image_path": "/media/scratch1/mroncoroni/colmap_projects/replica/room_1_high_quality_500_frames/images/frame000018.jpg",
        "T_pointcloud_camera": [
            [
                0.9804467723,
                -0.1109353233,
                0.1625345525,
                -0.6634304363
            ],
            [
                0.0826499296,
                0.9817131362,
                0.1714885053,
                0.1432903293
            ],
            [
                -0.178586438,
                -0.1547018822,
                0.9716862723,
                -4.1001344406
            ],
            [
                0.0,
                0.0,
                0.0,
                1.0
            ]
        ],
        "camera_intrinsics": [
            [
                400.1979473198,
                0.0,
                360.0
            ],
            [
                0.0,
                400.2077112856,
                202.5
            ],
            [
                0.0,
                0.0,
                1.0
            ]
        ],
        "camera_height": 405,
        "camera_width": 720,
        "camera_id": 1,
        "depth_path": "/media/scratch1/mroncoroni/depth/depth000018.png",
        "lidar_path": "/media/scratch1/mroncoroni/groundtruth/replica/room_1/laser_scan/laser_scan_frame_19_noise.ply",
        "T_camera_lidar": [
            [
                1.0,
                0.0,
                0.0,
                0.0
            ],
            [
                0.0,
                1.0,
                0.0,
                0.0
            ],
            [
                0.0,
                0.0,
                1.0,
                0.0
            ],
            [
                0.0,
                0.0,
                0.0,
                1.0
            ]
        ]
    },
    {
        "image_path": "/media/scratch1/mroncoroni/colmap_projects/replica/room_1_high_quality_500_frames/images/frame000019.jpg",
        "T_pointcloud_camera": [
            [
                0.9811156247,
                -0.1081125964,
                0.1603864005,
                -0.5795908486
            ],
            [
                0.0810651091,
                0.982699677,
                0.1665226497,
                0.1879986862
            ],
            [
                -0.17561486,
                -0.1503762325,
                0.9729061669,
                -4.1028322264
            ],
            [
                0.0,
                0.0,
                0.0,
                1.0
            ]
        ],
        "camera_intrinsics": [
            [
                400.1979473198,
                0.0,
                360.0
            ],
            [
                0.0,
                400.2077112856,
                202.5
            ],
            [
                0.0,
                0.0,
                1.0
            ]
        ],
        "camera_height": 405,
        "camera_width": 720,
        "camera_id": 1,
        "depth_path": "/media/scratch1/mroncoroni/depth/depth000019.png",
        "lidar_path": "/media/scratch1/mroncoroni/groundtruth/replica/room_1/laser_scan/laser_scan_frame_20_noise.ply",
        "T_camera_lidar": [
            [
                1.0,
                0.0,
                0.0,
                0.0
            ],
            [
                0.0,
                1.0,
                0.0,
                0.0
            ],
            [
                0.0,
                0.0,
                1.0,
                0.0
            ],
            [
                0.0,
                0.0,
                0.0,
                1.0
            ]
        ]
    },
    {
        "image_path": "/media/scratch1/mroncoroni/colmap_projects/replica/room_1_high_quality_500_frames/images/frame000020.jpg",
        "T_pointcloud_camera": [
            [
                0.98188086,
                -0.1047013759,
                0.1579480886,
                -0.4947001323
            ],
            [
                0.07902855,
                0.9838063931,
                0.1608709707,
                0.2355915002
            ],
            [
                -0.1722337513,
                -0.1454737186,
                0.9742550652,
                -4.1062167605
            ],
            [
                0.0,
                0.0,
                0.0,
                1.0
            ]
        ],
        "camera_intrinsics": [
            [
                400.1979473198,
                0.0,
                360.0
            ],
            [
                0.0,
                400.2077112856,
                202.5
            ],
            [
                0.0,
                0.0,
                1.0
            ]
        ],
        "camera_height": 405,
        "camera_width": 720,
        "camera_id": 1,
        "depth_path": "/media/scratch1/mroncoroni/depth/depth000020.png",
        "lidar_path": "/media/scratch1/mroncoroni/groundtruth/replica/room_1/laser_scan/laser_scan_frame_21_noise.ply",
        "T_camera_lidar": [
            [
                1.0,
                0.0,
                0.0,
                0.0
            ],
            [
                0.0,
                1.0,
                0.0,
                0.0
            ],
            [
                0.0,
                0.0,
                1.0,
                0.0
            ],
            [
                0.0,
                0.0,
                0.0,
                1.0
            ]
        ]
    },
    {
        "image_path": "/media/scratch1/mroncoroni/colmap_projects/replica/room_1_high_quality_500_frames/images/frame000021.jpg",
        "T_pointcloud_camera": [
            [
                0.9826797833,
                -0.1016803089,
                0.1549243627,
                -0.4076693814
            ],
            [
                0.0773681789,
                0.984786649,
                0.1555937684,
                0.2814435995
            ],
            [
                -0.1683882665,
                -0.1409126348,
                0.9755967513,
                -4.1095110886
            ],
            [
                0.0,
                0.0,
                0.0,
                1.0
            ]
        ],
        "camera_intrinsics": [
            [
                400.1979473198,
                0.0,
                360.0
            ],
            [
                0.0,
                400.2077112856,
                202.5
            ],
            [
                0.0,
                0.0,
                1.0
            ]
        ],
        "camera_height": 405,
        "camera_width": 720,
        "camera_id": 1,
        "depth_path": "/media/scratch1/mroncoroni/depth/depth000021.png",
        "lidar_path": "/media/scratch1/mroncoroni/groundtruth/replica/room_1/laser_scan/laser_scan_frame_22_noise.ply",
        "T_camera_lidar": [
            [
                1.0,
                0.0,
                0.0,
                0.0
            ],
            [
                0.0,
                1.0,
                0.0,
                0.0
            ],
            [
                0.0,
                0.0,
                1.0,
                0.0
            ],
            [
                0.0,
                0.0,
                0.0,
                1.0
            ]
        ]
    },
    {
        "image_path": "/media/scratch1/mroncoroni/colmap_projects/replica/room_1_high_quality_500_frames/images/frame000022.jpg",
        "T_pointcloud_camera": [
            [
                0.9835363702,
                -0.0982220362,
                0.1516859918,
                -0.3198831342
            ],
            [
                0.0753217193,
                0.9858181762,
                0.149963869,
                0.3285053895
            ],
            [
                -0.1642645643,
                -0.1360696697,
                0.9769862834,
                -4.1123407679
            ],
            [
                0.0,
                0.0,
                0.0,
                1.0
            ]
        ],
        "camera_intrinsics": [
            [
                400.1979473198,
                0.0,
                360.0
            ],
            [
                0.0,
                400.2077112856,
                202.5
            ],
            [
                0.0,
                0.0,
                1.0
            ]
        ],
        "camera_height": 405,
        "camera_width": 720,
        "camera_id": 1,
        "depth_path": "/media/scratch1/mroncoroni/depth/depth000022.png",
        "lidar_path": "/media/scratch1/mroncoroni/groundtruth/replica/room_1/laser_scan/laser_scan_frame_23_noise.ply",
        "T_camera_lidar": [
            [
                1.0,
                0.0,
                0.0,
                0.0
            ],
            [
                0.0,
                1.0,
                0.0,
                0.0
            ],
            [
                0.0,
                0.0,
                1.0,
                0.0
            ],
            [
                0.0,
                0.0,
                0.0,
                1.0
            ]
        ]
    },
    {
        "image_path": "/media/scratch1/mroncoroni/colmap_projects/replica/room_1_high_quality_500_frames/images/frame000023.jpg",
        "T_pointcloud_camera": [
            [
                0.9844562764,
                -0.0946117902,
                0.1479677294,
                -0.231189187
            ],
            [
                0.0732127782,
                0.9868774144,
                0.1439196234,
                0.3765733903
            ],
            [
                -0.1596425034,
                -0.130849448,
                0.9784644567,
                -4.1161123334
            ],
            [
                0.0,
                0.0,
                0.0,
                1.0
            ]
        ],
        "camera_intrinsics": [
            [
                400.1979473198,
                0.0,
                360.0
            ],
            [
                0.0,
                400.2077112856,
                202.5
            ],
            [
                0.0,
                0.0,
                1.0
            ]
        ],
        "camera_height": 405,
        "camera_width": 720,
        "camera_id": 1,
        "depth_path": "/media/scratch1/mroncoroni/depth/depth000023.png",
        "lidar_path": "/media/scratch1/mroncoroni/groundtruth/replica/room_1/laser_scan/laser_scan_frame_24_noise.ply",
        "T_camera_lidar": [
            [
                1.0,
                0.0,
                0.0,
                0.0
            ],
            [
                0.0,
                1.0,
                0.0,
                0.0
            ],
            [
                0.0,
                0.0,
                1.0,
                0.0
            ],
            [
                0.0,
                0.0,
                0.0,
                1.0
            ]
        ]
    },
    {
        "image_path": "/media/scratch1/mroncoroni/colmap_projects/replica/room_1_high_quality_500_frames/images/frame000025.jpg",
        "T_pointcloud_camera": [
            [
                0.9864141575,
                -0.0869510069,
                0.1393794543,
                -0.0530184531
            ],
            [
                0.0685710378,
                0.9889226662,
                0.1316433555,
                0.4722269113
            ],
            [
                -0.1492820239,
                -0.1202974757,
                0.9814496394,
                -4.1215796705
            ],
            [
                0.0,
                0.0,
                0.0,
                1.0
            ]
        ],
        "camera_intrinsics": [
            [
                400.1979473198,
                0.0,
                360.0
            ],
            [
                0.0,
                400.2077112856,
                202.5
            ],
            [
                0.0,
                0.0,
                1.0
            ]
        ],
        "camera_height": 405,
        "camera_width": 720,
        "camera_id": 1,
