[
    {
        "image_path": "/media/scratch1/mroncoroni/groundtruth/replica/room_1/50_frames_test/frames/frame000001.jpg",
        "T_pointcloud_camera": [
            [
                0.10737445205450058,
                0.13569292426109314,
                -0.9849153161048889,
                0.47945404052734375
            ],
            [
                0.9941701889038086,
                -0.004872952587902546,
                0.10771205276250839,
                0.08441737294197083
            ],
            [
                0.009816317819058895,
                -0.9907389879226685,
                -0.13542509078979492,
                0.4406445622444153
            ],
            [
                0.0,
                0.0,
                0.0,
                1.0
            ]
        ],
        "camera_intrinsics": [
            [
                400.0,
                0.0,
                360.0
            ],
            [
                0.0,
                400.0,
                202.5
            ],
            [
                0.0,
                0.0,
                1.0
            ]
        ],
        "camera_height": 405,
        "camera_width": 720,
        "camera_id": 0,
        "depth_path": "/media/scratch1/mroncoroni/groundtruth/replica/room_1/50_frames_test/depth/depth000001.png",
        "T_pointcloud_camera_perturbed": [
            [
                0.10449391603469849,
                0.10775062441825867,
                -0.9886713027954102,
                0.5556055307388306
            ],
            [
                0.9942556619644165,
                -0.03447842597961426,
                0.10132655501365662,
                0.07270970195531845
            ],
            [
                -0.023169726133346558,
                -0.9935799837112427,
                -0.11073446273803711,
                0.428937703371048
            ],
            [
                0.0,
                0.0,
                0.0,
                1.0
            ]
        ],
        "lidar_path": "/media/scratch1/mroncoroni/groundtruth/replica/room_1/50_frames_test/lidar/laser_scan_frame_2_noise.ply",
        "T_camera_lidar": [
            [
                1.0,
                0.0,
                0.0,
                0.0
            ],
            [
                0.0,
                1.0,
                0.0,
                0.0
            ],
            [
                0.0,
                0.0,
                1.0,
                0.0
            ],
            [
                0.0,
                0.0,
                0.0,
                1.0
            ]
        ]
    },
    {
        "image_path": "/media/scratch1/mroncoroni/groundtruth/replica/room_1/50_frames_test/frames/frame000002.jpg",
        "T_pointcloud_camera": [
            [
                0.12399094551801682,
                0.13559241592884064,
                -0.9829755425453186,
                0.3384191393852234
            ],
            [
                0.9922347664833069,
                -0.007142284419387579,
                0.12417367845773697,
                0.019791271537542343
            ],
            [
                0.009816317819058895,
                -0.9907389879226685,
                -0.13542509078979492,
                0.43972137570381165
            ],
            [
                0.0,
                0.0,
                0.0,
                1.0
            ]
        ],
        "camera_intrinsics": [
            [
                400.0,
                0.0,
                360.0
            ],
            [
                0.0,
                400.0,
                202.5
            ],
            [
                0.0,
                0.0,
                1.0
            ]
        ],
        "camera_height": 405,
        "camera_width": 720,
        "camera_id": 0,
        "depth_path": "/media/scratch1/mroncoroni/groundtruth/replica/room_1/50_frames_test/depth/depth000002.png",
        "T_pointcloud_camera_perturbed": [
            [
                0.15946924686431885,
                0.06115967035293579,
                -0.9853066205978394,
                0.36554715037345886
            ],
            [
                0.9865151047706604,
                0.027378857135772705,
                0.1613643765449524,
                -0.003379613161087036
            ],
            [
                0.036845654249191284,
                -0.9977524876594543,
                -0.05596888065338135,
                0.4164348840713501
            ],
            [
                0.0,
                0.0,
                0.0,
                1.0
            ]
        ],
        "lidar_path": "/media/scratch1/mroncoroni/groundtruth/replica/room_1/50_frames_test/lidar/laser_scan_frame_3_noise.ply",
        "T_camera_lidar": [
            [
                1.0,
                0.0,
                0.0,
                0.0
            ],
            [
                0.0,
                1.0,
                0.0,
                0.0
            ],
            [
                0.0,
                0.0,
                1.0,
                0.0
            ],
            [
                0.0,
                0.0,
                0.0,
                1.0
            ]
        ]
    },
    {
        "image_path": "/media/scratch1/mroncoroni/groundtruth/replica/room_1/50_frames_test/frames/frame000003.jpg",
        "T_pointcloud_camera": [
            [
                0.14671151340007782,
                0.13539297878742218,
                -0.9798696041107178,
                0.18883183598518372
            ],
            [
                0.9891306161880493,
                -0.010249707847833633,
                0.14668187499046326,
                -0.022207411006093025
            ],
            [
                0.009816317819058895,
                -0.9907389879226685,
                -0.13542509078979492,
                0.4343825876712799
            ],
            [
                0.0,
                0.0,
                0.0,
                1.0
            ]
        ],
        "camera_intrinsics": [
            [
                400.0,
                0.0,
                360.0
            ],
            [
                0.0,
                400.0,
                202.5
            ],
            [
                0.0,
                0.0,
                1.0
            ]
        ],
        "camera_height": 405,
        "camera_width": 720,
        "camera_id": 0,
        "depth_path": "/media/scratch1/mroncoroni/groundtruth/replica/room_1/50_frames_test/depth/depth000003.png",
        "T_pointcloud_camera_perturbed": [
            [
                0.04080688953399658,
                0.13155528903007507,
                -0.9904686212539673,
                0.1607174575328827
            ],
            [
                0.9957413673400879,
                0.07666194438934326,
                0.05120652914047241,
                -0.07284896820783615
            ],
            [
                0.08266779780387878,
                -0.9883401989936829,
                -0.1278667449951172,
                0.45009496808052063
            ],
            [
                0.0,
                0.0,
                0.0,
                1.0
            ]
        ],
        "lidar_path": "/media/scratch1/mroncoroni/groundtruth/replica/room_1/50_frames_test/lidar/laser_scan_frame_4_noise.ply",
        "T_camera_lidar": [
            [
                1.0,
                0.0,
                0.0,
                0.0
            ],
            [
                0.0,
                1.0,
                0.0,
                0.0
            ],
            [
                0.0,
                0.0,
                1.0,
                0.0
            ],
            [
                0.0,
                0.0,
                0.0,
                1.0
            ]
        ]
    },
    {
        "image_path": "/media/scratch1/mroncoroni/groundtruth/replica/room_1/50_frames_test/frames/frame000004.jpg",
        "T_pointcloud_camera": [
            [
                0.17518721520900726,
                0.13504090905189514,
                -0.9752299189567566,
                0.036116208881139755
            ],
            [
                0.9844862222671509,
                -0.014151577837765217,
                0.1748904138803482,
                -0.050315868109464645
            ],
            [
                0.009816317819058895,
                -0.9907389879226685,
                -0.13542509078979492,
                0.42563745379447937
            ],
            [
                0.0,
                0.0,
                0.0,
                1.0
            ]
        ],
        "camera_intrinsics": [
            [
                400.0,
                0.0,
                360.0
            ],
            [
                0.0,
                400.0,
                202.5
            ],
            [
                0.0,
                0.0,
                1.0
            ]
        ],
        "camera_height": 405,
        "camera_width": 720,
        "camera_id": 0,
        "depth_path": "/media/scratch1/mroncoroni/groundtruth/replica/room_1/50_frames_test/depth/depth000004.png",
        "T_pointcloud_camera_perturbed": [
            [
                0.11726993322372437,
                0.16871437430381775,
                -0.9786640405654907,
                0.024827394634485245
            ],
            [
                0.9903695583343506,
                -0.09289491176605225,
                0.102658212184906,
                -0.046939458698034286
            ],
            [
                -0.07359293103218079,
                -0.9812777638435364,
                -0.17798340320587158,
                0.35440003871917725
            ],
            [
                0.0,
                0.0,
                0.0,
                1.0
            ]
        ],
        "lidar_path": "/media/scratch1/mroncoroni/groundtruth/replica/room_1/50_frames_test/lidar/laser_scan_frame_5_noise.ply",
        "T_camera_lidar": [
            [
                1.0,
                0.0,
                0.0,
                0.0
            ],
            [
                0.0,
                1.0,
                0.0,
                0.0
            ],
            [
                0.0,
                0.0,
                1.0,
                0.0
            ],
            [
                0.0,
                0.0,
                0.0,
                1.0
            ]
        ]
    },
    {
        "image_path": "/media/scratch1/mroncoroni/groundtruth/replica/room_1/50_frames_test/frames/frame000005.jpg",
        "T_pointcloud_camera": [
            [
                0.20903483033180237,
                0.1344725340604782,
                -0.9686183929443359,
                -0.11786927282810211
            ],
            [
                0.9778589010238647,
                -0.018800295889377594,
                0.20841898024082184,
                -0.06897281110286713
            ],
            [
                0.009816317819058895,
                -0.9907389879226685,
                -0.13542509078979492,
                0.4136998653411865
            ],
            [
                0.0,
                0.0,
                0.0,
                1.0
            ]
        ],
        "camera_intrinsics": [
            [
                400.0,
                0.0,
                360.0
            ],
            [
                0.0,
                400.0,
                202.5
            ],
            [
                0.0,
                0.0,
                1.0
            ]
        ],
        "camera_height": 405,
        "camera_width": 720,
        "camera_id": 0,
        "depth_path": "/media/scratch1/mroncoroni/groundtruth/replica/room_1/50_frames_test/depth/depth000005.png",
        "T_pointcloud_camera_perturbed": [
            [
                0.20555198192596436,
                0.17270761728286743,
                -0.963286280632019,
                -0.09908436983823776
            ],
            [
                0.9763157963752747,
                0.031698763370513916,
                0.21401554346084595,
                -0.09900474548339844
            ],
            [
                0.0674971342086792,
                -0.9844629168510437,
                -0.16210150718688965,
                0.3991151750087738
            ],
            [
                0.0,
                0.0,
                0.0,
                1.0
            ]
        ],
        "lidar_path": "/media/scratch1/mroncoroni/groundtruth/replica/room_1/50_frames_test/lidar/laser_scan_frame_6_noise.ply",
        "T_camera_lidar": [
            [
                1.0,
                0.0,
                0.0,
                0.0
            ],
            [
                0.0,
                1.0,
                0.0,
                0.0
            ],
            [
                0.0,
                0.0,
                1.0,
                0.0
            ],
            [
                0.0,
                0.0,
                0.0,
                1.0
            ]
        ]
    },
    {
        "image_path": "/media/scratch1/mroncoroni/groundtruth/replica/room_1/50_frames_test/frames/frame000006.jpg",
        "T_pointcloud_camera": [
            [
                0.24782727658748627,
                0.13361676037311554,
                -0.9595458507537842,
                -0.272164911031723
            ],
            [
                0.9687544703483582,
                -0.024142824113368988,
                0.24684377014636993,
                -0.08250392973423004
            ],
            [
                0.009816317819058895,
                -0.9907389879226685,
                -0.13542509078979492,
                0.399058073759079
            ],
            [
                0.0,
                0.0,
                0.0,
                1.0
            ]
        ],
        "camera_intrinsics": [
            [
                400.0,
                0.0,
                360.0
            ],
            [
                0.0,
                400.0,
                202.5
            ],
            [
                0.0,
                0.0,
                1.0
            ]
        ],
        "camera_height": 405,
        "camera_width": 720,
        "camera_id": 0,
        "depth_path": "/media/scratch1/mroncoroni/groundtruth/replica/room_1/50_frames_test/depth/depth000006.png",
        "T_pointcloud_camera_perturbed": [
            [
                0.33520638942718506,
                0.1622309386730194,
                -0.9280721545219421,
                -0.3250504434108734
            ],
            [
                0.9418302774429321,
                -0.032250285148620605,
                0.33453819155693054,
                -0.04137668386101723
            ],
            [
                0.024341940879821777,
                -0.9862257242202759,
                -0.16360461711883545,
                0.3380158841609955
            ],
            [
                0.0,
                0.0,
                0.0,
                1.0
            ]
        ],
        "lidar_path": "/media/scratch1/mroncoroni/groundtruth/replica/room_1/50_frames_test/lidar/laser_scan_frame_7_noise.ply",
        "T_camera_lidar": [
            [
                1.0,
                0.0,
                0.0,
                0.0
            ],
            [
                0.0,
                1.0,
                0.0,
                0.0
            ],
            [
                0.0,
                0.0,
                1.0,
                0.0
            ],
            [
                0.0,
                0.0,
                0.0,
                1.0
            ]
        ]
    },
    {
        "image_path": "/media/scratch1/mroncoroni/groundtruth/replica/room_1/50_frames_test/frames/frame000007.jpg",
        "T_pointcloud_camera": [
            [
                0.29108524322509766,
                0.13239765167236328,
                -0.9474915266036987,
                -0.4264101982116699
            ],
            [
                0.956646740436554,
                -0.030119365081191063,
                0.28968915343284607,
                -0.09309551864862442
            ],
            [
                0.009816317819058895,
                -0.9907389879226685,
                -0.13542509078979492,
                0.3816513419151306
            ],
            [
                0.0,
                0.0,
                0.0,
                1.0
            ]
        ],
        "camera_intrinsics": [
            [
                400.0,
                0.0,
                360.0
            ],
            [
                0.0,
                400.0,
                202.5
            ],
            [
                0.0,
                0.0,
                1.0
            ]
        ],
        "camera_height": 405,
        "camera_width": 720,
        "camera_id": 0,
        "depth_path": "/media/scratch1/mroncoroni/groundtruth/replica/room_1/50_frames_test/depth/depth000007.png",
        "T_pointcloud_camera_perturbed": [
            [
                0.18791687488555908,
                0.13828492164611816,
                -0.97240149974823,
                -0.4165671467781067
            ],
            [
                0.9801815748214722,
                0.036799848079681396,
                0.19465374946594238,
                -0.05617218837141991
            ],
            [
                0.06270202994346619,
                -0.989708662033081,
                -0.12862908840179443,
                0.3902197480201721
            ],
            [
                0.0,
                0.0,
                0.0,
                1.0
            ]
        ],
        "lidar_path": "/media/scratch1/mroncoroni/groundtruth/replica/room_1/50_frames_test/lidar/laser_scan_frame_8_noise.ply",
        "T_camera_lidar": [
            [
                1.0,
                0.0,
                0.0,
                0.0
            ],
            [
                0.0,
                1.0,
                0.0,
                0.0
            ],
            [
                0.0,
                0.0,
                1.0,
                0.0
            ],
            [
                0.0,
                0.0,
                0.0,
                1.0
            ]
        ]
    },
    {
        "image_path": "/media/scratch1/mroncoroni/groundtruth/replica/room_1/50_frames_test/frames/frame000008.jpg",
        "T_pointcloud_camera": [
            [
                0.3382702171802521,
                0.13073712587356567,
                -0.9319233298301697,
                -0.5803247690200806
            ],
            [
                0.940997838973999,
                -0.03666221722960472,
                0.33642083406448364,
                -0.10270167887210846
            ],
            [
                0.009816317819058895,
                -0.9907389879226685,
                -0.13542509078979492,
                0.3610280752182007
            ],
            [
                0.0,
                0.0,
                0.0,
                1.0
            ]
        ],
        "camera_intrinsics": [
            [
                400.0,
                0.0,
                360.0
            ],
            [
                0.0,
                400.0,
                202.5
            ],
            [
                0.0,
                0.0,
                1.0
            ]
        ],
        "camera_height": 405,
        "camera_width": 720,
        "camera_id": 0,
        "depth_path": "/media/scratch1/mroncoroni/groundtruth/replica/room_1/50_frames_test/depth/depth000008.png",
        "T_pointcloud_camera_perturbed": [
            [
                0.3134419918060303,
                0.16024106740951538,
                -0.9359898567199707,
                -0.6163169741630554
            ],
            [
                0.946159303188324,
                0.03122079372406006,
                0.32219257950782776,
                -0.1257336139678955
            ],
            [
                0.08085092902183533,
                -0.9865841865539551,
                -0.14182770252227783,
                0.4138841927051544
            ],
            [
                0.0,
                0.0,
                0.0,
                1.0
            ]
        ],
        "lidar_path": "/media/scratch1/mroncoroni/groundtruth/replica/room_1/50_frames_test/lidar/laser_scan_frame_9_noise.ply",
        "T_camera_lidar": [
            [
                1.0,
                0.0,
                0.0,
                0.0
            ],
            [
                0.0,
                1.0,
                0.0,
                0.0
            ],
            [
                0.0,
                0.0,
                1.0,
                0.0
            ],
            [
                0.0,
                0.0,
                0.0,
                1.0
            ]
        ]
    },
    {
        "image_path": "/media/scratch1/mroncoroni/groundtruth/replica/room_1/50_frames_test/frames/frame000009.jpg",
        "T_pointcloud_camera": [
            [
                0.3887794315814972,
                0.12855765223503113,
                -0.9123176336288452,
                -0.733627200126648
            ],
            [
                0.9212785959243774,
                -0.043694887310266495,
                0.38644087314605713,
                -0.11348339915275574
            ],
            [
                0.009816317819058895,
                -0.9907389879226685,
                -0.13542509078979492,
                0.33678314089775085
            ],
            [
                0.0,
                0.0,
                0.0,
                1.0
            ]
        ],
        "camera_intrinsics": [
            [
                400.0,
                0.0,
                360.0
            ],
            [
                0.0,
                400.0,
                202.5
            ],
            [
                0.0,
                0.0,
                1.0
            ]
        ],
        "camera_height": 405,
        "camera_width": 720,
        "camera_id": 0,
        "depth_path": "/media/scratch1/mroncoroni/groundtruth/replica/room_1/50_frames_test/depth/depth000009.png",
        "T_pointcloud_camera_perturbed": [
            [
                0.3087639808654785,
                0.10693496465682983,
                -0.9451082944869995,
                -0.7528812885284424
            ],
            [
                0.950978696346283,
                -0.052933335304260254,
                0.30469250679016113,
                -0.14732949435710907
            ],
            [
                -0.017445504665374756,
                -0.9928559064865112,
                -0.11803674697875977,
                0.3673669695854187
            ],
            [
                0.0,
                0.0,
                0.0,
                1.0
            ]
        ],
        "lidar_path": "/media/scratch1/mroncoroni/groundtruth/replica/room_1/50_frames_test/lidar/laser_scan_frame_10_noise.ply",
        "T_camera_lidar": [
            [
                1.0,
                0.0,
                0.0,
                0.0
            ],
            [
                0.0,
                1.0,
                0.0,
                0.0
            ],
            [
                0.0,
                0.0,
                1.0,
                0.0
            ],
            [
                0.0,
                0.0,
                0.0,
                1.0
            ]
        ]
    },
    {
        "image_path": "/media/scratch1/mroncoroni/groundtruth/replica/room_1/50_frames_test/frames/frame000010.jpg",
        "T_pointcloud_camera": [
            [
                0.44194307923316956,
                0.12578506767749786,
                -0.8881804347038269,
                -0.8859785795211792
            ],
            [
                0.8969894051551819,
                -0.05113151669502258,
                0.4390849769115448,
                -0.12746335566043854
            ],
            [
                0.009816317819058895,
                -0.9907389879226685,
                -0.13542509078979492,
                0.3085738718509674
            ],
            [
                0.0,
                0.0,
                0.0,
                1.0
            ]
        ],
        "camera_intrinsics": [
            [
                400.0,
                0.0,
                360.0
            ],
            [
                0.0,
                400.0,
                202.5
            ],
            [
                0.0,
                0.0,
                1.0
            ]
        ],
        "camera_height": 405,
        "camera_width": 720,
        "camera_id": 0,
        "depth_path": "/media/scratch1/mroncoroni/groundtruth/replica/room_1/50_frames_test/depth/depth000010.png",
        "T_pointcloud_camera_perturbed": [
            [
                0.4782259464263916,
                0.0996931791305542,
                -0.8725601434707642,
                -0.9014391899108887
            ],
            [
                0.8764123320579529,
                0.009835660457611084,
                0.4814610183238983,
                -0.11090018600225449
            ],
            [
                0.056580573320388794,
                -0.9949696063995361,
                -0.08266866207122803,
                0.3573511242866516
            ],
            [
                0.0,
                0.0,
                0.0,
                1.0
            ]
        ],
        "lidar_path": "/media/scratch1/mroncoroni/groundtruth/replica/room_1/50_frames_test/lidar/laser_scan_frame_11_noise.ply",
        "T_camera_lidar": [
            [
                1.0,
                0.0,
                0.0,
                0.0
            ],
            [
                0.0,
                1.0,
                0.0,
                0.0
            ],
            [
                0.0,
                0.0,
                1.0,
                0.0
            ],
            [
                0.0,
                0.0,
                0.0,
                1.0
            ]
        ]
    },
    {
        "image_path": "/media/scratch1/mroncoroni/groundtruth/replica/room_1/50_frames_test/frames/frame000011.jpg",
        "T_pointcloud_camera": [
            [
                0.4970259964466095,
                0.12235122919082642,
                -0.8590665459632874,
                -1.0367487668991089
            ],
            [
                0.8676801323890686,
                -0.05887691676616669,
                0.4936240613460541,
                -0.14699183404445648
            ],
            [
                0.009816317819058895,
                -0.9907389879226685,
                -0.13542509078979492,
                0.27561813592910767
            ],
            [
                0.0,
                0.0,
                0.0,
                1.0
            ]
        ],
        "camera_intrinsics": [
            [
                400.0,
                0.0,
                360.0
            ],
            [
                0.0,
                400.0,
                202.5
            ],
            [
                0.0,
                0.0,
                1.0
            ]
        ],
        "camera_height": 405,
        "camera_width": 720,
        "camera_id": 0,
        "depth_path": "/media/scratch1/mroncoroni/groundtruth/replica/room_1/50_frames_test/depth/depth000011.png",
        "T_pointcloud_camera_perturbed": [
            [
                0.48095524311065674,
                0.17000994086265564,
                -0.860103964805603,
                -1.0965590476989746
            ],
            [
                0.8744704723358154,
                -0.022398710250854492,
                0.4845615029335022,
                -0.10636554658412933
            ],
            [
                0.06311511993408203,
                -0.985187828540802,
                -0.15944159030914307,
                0.34343013167381287
            ],
            [
                0.0,
                0.0,
                0.0,
                1.0
            ]
        ],
        "lidar_path": "/media/scratch1/mroncoroni/groundtruth/replica/room_1/50_frames_test/lidar/laser_scan_frame_12_noise.ply",
        "T_camera_lidar": [
            [
                1.0,
                0.0,
                0.0,
                0.0
            ],
            [
                0.0,
                1.0,
                0.0,
                0.0
            ],
            [
                0.0,
                0.0,
                1.0,
                0.0
            ],
            [
                0.0,
                0.0,
                0.0,
                1.0
            ]
        ]
    },
    {
        "image_path": "/media/scratch1/mroncoroni/groundtruth/replica/room_1/50_frames_test/frames/frame000012.jpg",
        "T_pointcloud_camera": [
            [
                0.5532306432723999,
                0.11819685250520706,
                -0.824600100517273,
                -1.1838229894638062
            ],
            [
                0.8329702615737915,
                -0.06682676821947098,
                0.5492674112319946,
                -0.17752179503440857
            ],
            [
                0.009816317819058895,
                -0.9907389879226685,
                -0.13542509078979492,
                0.2354334592819214
            ],
            [
                0.0,
                0.0,
                0.0,
                1.0
            ]
        ],
        "camera_intrinsics": [
            [
                400.0,
                0.0,
                360.0
            ],
            [
                0.0,
                400.0,
                202.5
            ],
            [
                0.0,
                0.0,
                1.0
            ]
        ],
        "camera_height": 405,
        "camera_width": 720,
        "camera_id": 0,
        "depth_path": "/media/scratch1/mroncoroni/groundtruth/replica/room_1/50_frames_test/depth/depth000012.png",
        "T_pointcloud_camera_perturbed": [
            [
                0.5959522724151611,
                0.11072176694869995,
                -0.7953499555587769,
                -1.2160789966583252
            ],
            [
                0.8030189275741577,
                -0.08367288112640381,
                0.590050458908081,
                -0.15945202112197876
            ],
            [
                -0.0012177526950836182,
                -0.9903229475021362,
                -0.13877665996551514,
                0.3123352825641632
            ],
            [
                0.0,
                0.0,
                0.0,
                1.0
            ]
        ],
        "lidar_path": "/media/scratch1/mroncoroni/groundtruth/replica/room_1/50_frames_test/lidar/laser_scan_frame_13_noise.ply",
        "T_camera_lidar": [
            [
                1.0,
                0.0,
                0.0,
                0.0
            ],
            [
                0.0,
                1.0,
                0.0,
                0.0
            ],
            [
                0.0,
                0.0,
                1.0,
                0.0
            ],
            [
                0.0,
                0.0,
                0.0,
                1.0
            ]
        ]
    },
    {
        "image_path": "/media/scratch1/mroncoroni/groundtruth/replica/room_1/50_frames_test/frames/frame000013.jpg",
        "T_pointcloud_camera": [
            [
                0.6097060441970825,
                0.113273985683918,
                -0.7844918966293335,
                -1.3244400024414062
            ],
            [
                0.7925668358802795,
                -0.07486867159605026,
                0.6051714420318604,
                -0.2228149175643921
            ],
            [
                0.009816317819058895,
                -0.9907389879226685,
                -0.13542509078979492,
                0.18719568848609924
            ],
            [
                0.0,
                0.0,
                0.0,
                1.0
            ]
        ],
        "camera_intrinsics": [
            [
                400.0,
                0.0,
                360.0
            ],
            [
                0.0,
                400.0,
                202.5
            ],
            [
                0.0,
                0.0,
                1.0
            ]
        ],
        "camera_height": 405,
        "camera_width": 720,
        "camera_id": 0,
        "depth_path": "/media/scratch1/mroncoroni/groundtruth/replica/room_1/50_frames_test/depth/depth000013.png",
        "T_pointcloud_camera_perturbed": [
            [
                0.6488783955574036,
                0.19722703099250793,
                -0.7348865866661072,
                -1.2833448648452759
            ],
            [
                0.7460446357727051,
                0.024956107139587402,
                0.6654281616210938,
                -0.21846257150173187
            ],
            [
                0.14958035945892334,
                -0.9800401926040649,
                -0.13094663619995117,
                0.1722453236579895
            ],
            [
                0.0,
                0.0,
                0.0,
                1.0
            ]
        ],
        "lidar_path": "/media/scratch1/mroncoroni/groundtruth/replica/room_1/50_frames_test/lidar/laser_scan_frame_14_noise.ply",
        "T_camera_lidar": [
            [
                1.0,
                0.0,
                0.0,
                0.0
            ],
            [
                0.0,
                1.0,
                0.0,
                0.0
            ],
            [
                0.0,
                0.0,
                1.0,
                0.0
            ],
            [
                0.0,
                0.0,
                0.0,
                1.0
            ]
        ]
    },
    {
        "image_path": "/media/scratch1/mroncoroni/groundtruth/replica/room_1/50_frames_test/frames/frame000014.jpg",
        "T_pointcloud_camera": [
            [
                0.6655591726303101,
                0.1075483039021492,
                -0.7385556101799011,
                -1.4477859735488892
            ],
            [
                0.7462805509567261,
                -0.08288351446390152,
                0.6604511141777039,
                -0.2948218584060669
            ],
            [
                0.009816317819058895,
                -0.9907389879226685,
                -0.13542509078979492,
                0.12692776322364807
            ],
            [
                0.0,
                0.0,
                0.0,
                1.0
            ]
        ],
        "camera_intrinsics": [
            [
                400.0,
                0.0,
                360.0
            ],
            [
                0.0,
                400.0,
                202.5
            ],
            [
                0.0,
                0.0,
                1.0
            ]
        ],
        "camera_height": 405,
        "camera_width": 720,
        "camera_id": 0,
        "depth_path": "/media/scratch1/mroncoroni/groundtruth/replica/room_1/50_frames_test/depth/depth000014.png",
        "T_pointcloud_camera_perturbed": [
            [
                0.5877759456634521,
                0.11090156435966492,
                -0.8013864755630493,
                -1.429930329322815
            ],
            [
                0.8089896440505981,
                -0.07147932052612305,
                0.5834607481956482,
                -0.2209271490573883
            ],
            [
                0.0074242353439331055,
                -0.9912576079368591,
                -0.13173198699951172,
                0.10101424902677536
            ],
            [
                0.0,
                0.0,
                0.0,
                1.0
            ]
        ],
        "lidar_path": "/media/scratch1/mroncoroni/groundtruth/replica/room_1/50_frames_test/lidar/laser_scan_frame_15_noise.ply",
        "T_camera_lidar": [
            [
                1.0,
                0.0,
                0.0,
                0.0
            ],
            [
                0.0,
                1.0,
                0.0,
                0.0
            ],
            [
                0.0,
                0.0,
                1.0,
                0.0
            ],
            [
                0.0,
                0.0,
                0.0,
                1.0
            ]
        ]
    },
    {
        "image_path": "/media/scratch1/mroncoroni/groundtruth/replica/room_1/50_frames_test/frames/frame000015.jpg",
        "T_pointcloud_camera": [
            [
                0.7198696136474609,
                0.10100117325782776,
                -0.6867215633392334,
                -1.5363521575927734
            ],
            [
                0.6940399408340454,
                -0.09074732661247253,
                0.7141942977905273,
                -0.3991178870201111
            ],
            [
                0.009816317819058895,
                -0.9907389879226685,
                -0.13542509078979492,
                0.05600010231137276
            ],
            [
                0.0,
                0.0,
                0.0,
                1.0
            ]
        ],
        "camera_intrinsics": [
            [
                400.0,
                0.0,
                360.0
            ],
            [
                0.0,
                400.0,
                202.5
            ],
            [
                0.0,
                0.0,
                1.0
            ]
        ],
        "camera_height": 405,
        "camera_width": 720,
        "camera_id": 0,
        "depth_path": "/media/scratch1/mroncoroni/groundtruth/replica/room_1/50_frames_test/depth/depth000015.png",
        "T_pointcloud_camera_perturbed": [
            [
                0.7069792747497559,
                0.09638768434524536,
                -0.7006351947784424,
                -1.5199146270751953
            ],
            [
                0.7061424255371094,
                -0.15122950077056885,
                0.6917314529418945,
                -0.4256058931350708
            ],
            [
                -0.039282381534576416,
                -0.983788013458252,
                -0.174979567527771,
                0.08166347444057465
            ],
            [
                0.0,
                0.0,
                0.0,
                1.0
            ]
        ],
        "lidar_path": "/media/scratch1/mroncoroni/groundtruth/replica/room_1/50_frames_test/lidar/laser_scan_frame_16_noise.ply",
        "T_camera_lidar": [
            [
                1.0,
                0.0,
                0.0,
                0.0
            ],
            [
                0.0,
                1.0,
                0.0,
                0.0
            ],
            [
                0.0,
                0.0,
                1.0,
                0.0
            ],
            [
                0.0,
                0.0,
                0.0,
                1.0
            ]
        ]
    },
    {
        "image_path": "/media/scratch1/mroncoroni/groundtruth/replica/room_1/50_frames_test/frames/frame000016.jpg",
        "T_pointcloud_camera": [
            [
                0.7717078328132629,
                0.09363120794296265,
                -0.6290470957756042,
                -1.5928153991699219
            ],
            [
