[
    {
        "image_path": "/media/scratch1/mroncoroni/colmap_projects/replica/room_1_high_quality_500_frames/images/frame000001.jpg",
        "T_pointcloud_camera": [
            [
                0.05976113677024841,
                0.4443340003490448,
                -0.893865704536438,
                0.38373541831970215
            ],
            [
                0.9982126951217651,
                -0.026577766984701157,
                0.05352585017681122,
                -0.08128172159194946
            ],
            [
                2.6400935894344002e-05,
                -0.8954668641090393,
                -0.4451281726360321,
                0.41475555300712585
            ],
            [
                0.0,
                0.0,
                0.0,
                1.0
            ]
        ],
        "camera_intrinsics": [
            [
                400.0,
                0.0,
                360.0
            ],
            [
                0.0,
                400.0,
                202.5
            ],
            [
                0.0,
                0.0,
                1.0
            ]
        ],
        "camera_height": 405,
        "camera_width": 720,
        "camera_id": 0,
        "depth_path": "/media/scratch1/mroncoroni/depth/depth000001.png",
        "lidar_path": "/media/scratch1/mroncoroni/groundtruth/replica/room_1/laser_scan/laser_scan_frame_2_noise.ply",
        "T_camera_lidar": [
            [
                1.0,
                0.0,
                0.0,
                0.0
            ],
            [
                0.0,
                1.0,
                0.0,
                0.0
            ],
            [
                0.0,
                0.0,
                1.0,
                0.0
            ],
            [
                0.0,
                0.0,
                0.0,
                1.0
            ]
        ],
        "T_pointcloud_camera_perturbed": [
            [
                0.06536877155303955,
                0.4795674979686737,
                -0.8750668168067932,
                0.36422547698020935
            ],
            [
                0.9977468252182007,
                -0.018138766288757324,
                0.06459248065948486,
                -0.08700791746377945
            ],
            [
                0.01510387659072876,
                -0.877317488193512,
                -0.4796726703643799,
                0.41805824637413025
            ],
            [
                0.0,
                0.0,
                0.0,
                1.0
            ]
        ]
    },
    {
        "image_path": "/media/scratch1/mroncoroni/colmap_projects/replica/room_1_high_quality_500_frames/images/frame000002.jpg",
        "T_pointcloud_camera": [
            [
                0.059737931936979294,
                0.44391360878944397,
                -0.8940761089324951,
                0.3837915360927582
            ],
            [
                0.998214066028595,
                -0.026471812278032303,
                0.0535525418817997,
                -0.07592226564884186
            ],
            [
                0.00010488778207218274,
                -0.8956784605979919,
                -0.4447021782398224,
                0.4123298227787018
            ],
            [
                0.0,
                0.0,
                0.0,
                1.0
            ]
        ],
        "camera_intrinsics": [
            [
                400.0,
                0.0,
                360.0
            ],
            [
                0.0,
                400.0,
                202.5
            ],
            [
                0.0,
                0.0,
                1.0
            ]
        ],
        "camera_height": 405,
        "camera_width": 720,
        "camera_id": 0,
        "depth_path": "/media/scratch1/mroncoroni/depth/depth000002.png",
        "lidar_path": "/media/scratch1/mroncoroni/groundtruth/replica/room_1/laser_scan/laser_scan_frame_3_noise.ply",
        "T_camera_lidar": [
            [
                1.0,
                0.0,
                0.0,
                0.0
            ],
            [
                0.0,
                1.0,
                0.0,
                0.0
            ],
            [
                0.0,
                0.0,
                1.0,
                0.0
            ],
            [
                0.0,
                0.0,
                0.0,
                1.0
            ]
        ],
        "T_pointcloud_camera_perturbed": [
            [
                0.0486636757850647,
                0.466978520154953,
                -0.8829286098480225,
                0.40751582384109497
            ],
            [
                0.9984046220779419,
                0.002600431442260742,
                0.05640357732772827,
                -0.07574906945228577
            ],
            [
                0.028635233640670776,
                -0.8842648267745972,
                -0.4661068916320801,
                0.3800891935825348
            ],
            [
                0.0,
                0.0,
                0.0,
                1.0
            ]
        ]
    },
    {
        "image_path": "/media/scratch1/mroncoroni/colmap_projects/replica/room_1_high_quality_500_frames/images/frame000003.jpg",
        "T_pointcloud_camera": [
            [
                0.05967474356293678,
                0.44322043657302856,
                -0.8944241404533386,
                0.38388320803642273
            ],
            [
                0.9982178211212158,
                -0.026285894215106964,
                0.053574077785015106,
                -0.06717392057180405
            ],
            [
                0.00023438662174157798,
                -0.896027147769928,
                -0.44399914145469666,
                0.4083701968193054
            ],
            [
                0.0,
                0.0,
                0.0,
                1.0
            ]
        ],
        "camera_intrinsics": [
            [
                400.0,
                0.0,
                360.0
            ],
            [
                0.0,
                400.0,
                202.5
            ],
            [
                0.0,
                0.0,
                1.0
            ]
        ],
        "camera_height": 405,
        "camera_width": 720,
        "camera_id": 0,
        "depth_path": "/media/scratch1/mroncoroni/depth/depth000003.png",
        "lidar_path": "/media/scratch1/mroncoroni/groundtruth/replica/room_1/laser_scan/laser_scan_frame_4_noise.ply",
        "T_camera_lidar": [
            [
                1.0,
                0.0,
                0.0,
                0.0
            ],
            [
                0.0,
                1.0,
                0.0,
                0.0
            ],
            [
                0.0,
                0.0,
                1.0,
                0.0
            ],
            [
                0.0,
                0.0,
                0.0,
                1.0
            ]
        ],
        "T_pointcloud_camera_perturbed": [
            [
                0.0636029839515686,
                0.43962883949279785,
                -0.8959246873855591,
                0.389391154050827
            ],
            [
                0.9967697858810425,
                0.016126513481140137,
                0.0786752700805664,
                -0.02417042665183544
            ],
            [
                0.049035996198654175,
                -0.8980346918106079,
                -0.437183141708374,
                0.4053804874420166
            ],
            [
                0.0,
                0.0,
                0.0,
                1.0
            ]
        ]
    },
    {
        "image_path": "/media/scratch1/mroncoroni/colmap_projects/replica/room_1_high_quality_500_frames/images/frame000004.jpg",
        "T_pointcloud_camera": [
            [
                0.059551697224378586,
                0.44226035475730896,
                -0.8949074745178223,
                0.3840087652206421
            ],
            [
                0.9982251524925232,
                -0.02601252682507038,
                0.0535716749727726,
                -0.05518730729818344
            ],
            [
                0.00041382346535101533,
                -0.8965094089508057,
                -0.44302448630332947,
                0.4029449224472046
            ],
            [
                0.0,
                0.0,
                0.0,
                1.0
            ]
        ],
        "camera_intrinsics": [
            [
                400.0,
                0.0,
                360.0
            ],
            [
                0.0,
                400.0,
                202.5
            ],
            [
                0.0,
                0.0,
                1.0
            ]
        ],
        "camera_height": 405,
        "camera_width": 720,
        "camera_id": 0,
        "depth_path": "/media/scratch1/mroncoroni/depth/depth000004.png",
        "lidar_path": "/media/scratch1/mroncoroni/groundtruth/replica/room_1/laser_scan/laser_scan_frame_5_noise.ply",
        "T_camera_lidar": [
            [
                1.0,
                0.0,
                0.0,
                0.0
            ],
            [
                0.0,
                1.0,
                0.0,
                0.0
            ],
            [
                0.0,
                0.0,
                1.0,
                0.0
            ],
            [
                0.0,
                0.0,
                0.0,
                1.0
            ]
        ],
        "T_pointcloud_camera_perturbed": [
            [
                0.03208005428314209,
                0.4295603632926941,
                -0.9024680852890015,
                0.4008735716342926
            ],
            [
                0.9987522959709167,
                0.02079629898071289,
                0.04540136456489563,
                -0.029035845771431923
            ],
            [
                0.03827059268951416,
                -0.9027986526489258,
                -0.4283573627471924,
                0.3992998003959656
            ],
            [
                0.0,
                0.0,
                0.0,
                1.0
            ]
        ]
    },
    {
        "image_path": "/media/scratch1/mroncoroni/colmap_projects/replica/room_1_high_quality_500_frames/images/frame000005.jpg",
        "T_pointcloud_camera": [
            [
                0.05934891849756241,
                0.44103920459747314,
                -0.8955233693122864,
                0.3841666877269745
            ],
            [
                0.9982370734214783,
                -0.025644345209002495,
                0.0535263866186142,
                -0.04011303186416626
            ],
            [
                0.0006421244470402598,
                -0.8971213698387146,
                -0.4417836666107178,
                0.39612215757369995
            ],
            [
                0.0,
                0.0,
                0.0,
                1.0
            ]
        ],
        "camera_intrinsics": [
            [
                400.0,
                0.0,
                360.0
            ],
            [
                0.0,
                400.0,
                202.5
            ],
            [
                0.0,
                0.0,
                1.0
            ]
        ],
        "camera_height": 405,
        "camera_width": 720,
        "camera_id": 0,
        "depth_path": "/media/scratch1/mroncoroni/depth/depth000005.png",
        "lidar_path": "/media/scratch1/mroncoroni/groundtruth/replica/room_1/laser_scan/laser_scan_frame_6_noise.ply",
        "T_camera_lidar": [
            [
                1.0,
                0.0,
                0.0,
                0.0
            ],
            [
                0.0,
                1.0,
                0.0,
                0.0
            ],
            [
                0.0,
                0.0,
                1.0,
                0.0
            ],
            [
                0.0,
                0.0,
                0.0,
                1.0
            ]
        ],
        "T_pointcloud_camera_perturbed": [
            [
                0.06627446413040161,
                0.4780973196029663,
                -0.8758028745651245,
                0.3504527509212494
            ],
            [
                0.9977045059204102,
                -0.04398465156555176,
                0.05148798227310181,
                -0.027188047766685486
            ],
            [
                -0.01390567421913147,
                -0.8772047758102417,
                -0.47991490364074707,
                0.40774595737457275
            ],
            [
                0.0,
                0.0,
                0.0,
                1.0
            ]
        ]
    },
    {
        "image_path": "/media/scratch1/mroncoroni/colmap_projects/replica/room_1_high_quality_500_frames/images/frame000006.jpg",
        "T_pointcloud_camera": [
            [
                0.05904640629887581,
                0.43956252932548523,
                -0.8962690830230713,
                0.384355366230011
            ],
            [
                0.9982548356056213,
                -0.02517409436404705,
                0.05341896787285805,
                -0.022101735696196556
            ],
            [
                0.0009182155481539667,
                -0.8978591561317444,
                -0.44028186798095703,
                0.38797006011009216
            ],
            [
                0.0,
                0.0,
                0.0,
                1.0
            ]
        ],
        "camera_intrinsics": [
            [
                400.0,
                0.0,
                360.0
            ],
            [
                0.0,
                400.0,
                202.5
            ],
            [
                0.0,
                0.0,
                1.0
            ]
        ],
        "camera_height": 405,
        "camera_width": 720,
        "camera_id": 0,
        "depth_path": "/media/scratch1/mroncoroni/depth/depth000006.png",
        "lidar_path": "/media/scratch1/mroncoroni/groundtruth/replica/room_1/laser_scan/laser_scan_frame_7_noise.ply",
        "T_camera_lidar": [
            [
                1.0,
                0.0,
                0.0,
                0.0
            ],
            [
                0.0,
                1.0,
                0.0,
                0.0
            ],
            [
                0.0,
                0.0,
                1.0,
                0.0
            ],
            [
                0.0,
                0.0,
                0.0,
                1.0
            ]
        ],
        "T_pointcloud_camera_perturbed": [
            [
                0.05476188659667969,
                0.4369269609451294,
                -0.8978285193443298,
                0.38551297783851624
            ],
            [
                0.9984948635101318,
                -0.021235227584838867,
                0.0505678653717041,
                -0.02696141228079796
            ],
            [
                0.00302886962890625,
                -0.899246335029602,
                -0.43743228912353516,
                0.3765958845615387
            ],
            [
                0.0,
                0.0,
                0.0,
                1.0
            ]
        ]
    },
    {
        "image_path": "/media/scratch1/mroncoroni/colmap_projects/replica/room_1_high_quality_500_frames/images/frame000007.jpg",
        "T_pointcloud_camera": [
            [
                0.05862416326999664,
                0.4378359615802765,
                -0.8971415162086487,
                0.38457322120666504
            ],
            [
                0.998279333114624,
                -0.024594755843281746,
                0.053229980170726776,
                -0.0013040108606219292
            ],
            [
                0.0012410227209329605,
                -0.8987184166908264,
                -0.438524454832077,
                0.3785567879676819
            ],
            [
                0.0,
                0.0,
                0.0,
                1.0
            ]
        ],
        "camera_intrinsics": [
            [
                400.0,
                0.0,
                360.0
            ],
            [
                0.0,
                400.0,
                202.5
            ],
            [
                0.0,
                0.0,
                1.0
            ]
        ],
        "camera_height": 405,
        "camera_width": 720,
        "camera_id": 0,
        "depth_path": "/media/scratch1/mroncoroni/depth/depth000007.png",
        "lidar_path": "/media/scratch1/mroncoroni/groundtruth/replica/room_1/laser_scan/laser_scan_frame_8_noise.ply",
        "T_camera_lidar": [
            [
                1.0,
                0.0,
                0.0,
                0.0
            ],
            [
                0.0,
                1.0,
                0.0,
                0.0
            ],
            [
                0.0,
                0.0,
                1.0,
                0.0
            ],
            [
                0.0,
                0.0,
                0.0,
                1.0
            ]
        ],
        "T_pointcloud_camera_perturbed": [
            [
                0.03963267803192139,
                0.4571365714073181,
                -0.8885130882263184,
                0.3640156686306
            ],
            [
                0.99920254945755,
                -0.022455692291259766,
                0.03301677107810974,
                0.03890612721443176
            ],
            [
                -0.004858911037445068,
                -0.8891130685806274,
                -0.45766210556030273,
                0.4138627052307129
            ],
            [
                0.0,
                0.0,
                0.0,
                1.0
            ]
        ]
    },
    {
        "image_path": "/media/scratch1/mroncoroni/colmap_projects/replica/room_1_high_quality_500_frames/images/frame000009.jpg",
        "T_pointcloud_camera": [
            [
                0.057340700179338455,
                0.43365368247032166,
                -0.8992533087730408,
                0.3850902318954468
            ],
            [
                0.9983526468276978,
                -0.023082204163074493,
                0.05252864211797714,
                0.048048216849565506
            ],
            [
                0.002022489672526717,
                -0.9007839560508728,
                -0.43426281213760376,
                0.35621944069862366
            ],
            [
                0.0,
                0.0,
                0.0,
                1.0
            ]
        ],
        "camera_intrinsics": [
            [
                400.0,
                0.0,
                360.0
            ],
            [
                0.0,
                400.0,
                202.5
            ],
            [
                0.0,
                0.0,
                1.0
            ]
        ],
        "camera_height": 405,
        "camera_width": 720,
        "camera_id": 0,
        "depth_path": "/media/scratch1/mroncoroni/depth/depth000009.png",
        "lidar_path": "/media/scratch1/mroncoroni/groundtruth/replica/room_1/laser_scan/laser_scan_frame_10_noise.ply",
        "T_camera_lidar": [
            [
                1.0,
                0.0,
                0.0,
                0.0
            ],
            [
                0.0,
                1.0,
                0.0,
                0.0
            ],
            [
                0.0,
                0.0,
                1.0,
                0.0
            ],
            [
                0.0,
                0.0,
                0.0,
                1.0
            ]
        ],
        "T_pointcloud_camera_perturbed": [
            [
                0.07469397783279419,
                0.41688796877861023,
                -0.9058836102485657,
                0.36491870880126953
            ],
            [
                0.997205376625061,
                -0.03251242637634277,
                0.0672614574432373,
                0.03615927696228027
            ],
            [
                -0.0014120936393737793,
                -0.908376157283783,
                -0.4181513786315918,
                0.3599854111671448
            ],
            [
                0.0,
                0.0,
                0.0,
                1.0
            ]
        ]
    },
    {
        "image_path": "/media/scratch1/mroncoroni/colmap_projects/replica/room_1_high_quality_500_frames/images/frame000010.jpg",
        "T_pointcloud_camera": [
            [
                0.05643969401717186,
                0.4312079846858978,
                -0.9004855751991272,
                0.385386198759079
            ],
            [
                0.9984029531478882,
                -0.022136589512228966,
                0.05197649076581001,
                0.07630148530006409
            ],
            [
                0.0024790007155388594,
                -0.9019809365272522,
                -0.4317687153816223,
                0.3434317111968994
            ],
            [
                0.0,
                0.0,
                0.0,
                1.0
            ]
        ],
        "camera_intrinsics": [
            [
                400.0,
                0.0,
                360.0
            ],
            [
                0.0,
                400.0,
                202.5
            ],
            [
                0.0,
                0.0,
                1.0
            ]
        ],
        "camera_height": 405,
        "camera_width": 720,
        "camera_id": 0,
        "depth_path": "/media/scratch1/mroncoroni/depth/depth000010.png",
        "lidar_path": "/media/scratch1/mroncoroni/groundtruth/replica/room_1/laser_scan/laser_scan_frame_11_noise.ply",
        "T_camera_lidar": [
            [
                1.0,
                0.0,
                0.0,
                0.0
            ],
            [
                0.0,
                1.0,
                0.0,
                0.0
            ],
            [
                0.0,
                0.0,
                1.0,
                0.0
            ],
            [
                0.0,
                0.0,
                0.0,
                1.0
            ]
        ],
        "T_pointcloud_camera_perturbed": [
            [
                0.03840517997741699,
                0.432557076215744,
                -0.9007883071899414,
                0.3646129071712494
            ],
            [
                0.9992337226867676,
                -0.023441195487976074,
                0.03134608268737793,
                0.055957455188035965
            ],
            [
                -0.007556498050689697,
                -0.9013018608093262,
                -0.4331258535385132,
                0.35236993432044983
            ],
            [
                0.0,
                0.0,
                0.0,
                1.0
            ]
        ]
    },
    {
        "image_path": "/media/scratch1/mroncoroni/colmap_projects/replica/room_1_high_quality_500_frames/images/frame000011.jpg",
        "T_pointcloud_camera": [
            [
                0.055339016020298004,
                0.42853233218193054,
                -0.9018301367759705,
                0.3857050836086273
            ],
            [
                0.9984631538391113,
                -0.0210570078343153,
                0.05126282572746277,
                0.10673869401216507
            ],
            [
                0.0029779321048408747,
                -0.903281033039093,
                -0.42903900146484375,
                0.3296554684638977
            ],
            [
                0.0,
                0.0,
                0.0,
                1.0
            ]
        ],
        "camera_intrinsics": [
            [
                400.0,
                0.0,
                360.0
            ],
            [
                0.0,
                400.0,
                202.5
            ],
            [
                0.0,
                0.0,
                1.0
            ]
        ],
        "camera_height": 405,
        "camera_width": 720,
        "camera_id": 0,
        "depth_path": "/media/scratch1/mroncoroni/depth/depth000011.png",
        "lidar_path": "/media/scratch1/mroncoroni/groundtruth/replica/room_1/laser_scan/laser_scan_frame_12_noise.ply",
        "T_camera_lidar": [
            [
                1.0,
                0.0,
                0.0,
                0.0
            ],
            [
                0.0,
                1.0,
                0.0,
                0.0
            ],
            [
                0.0,
                0.0,
                1.0,
                0.0
            ],
            [
                0.0,
                0.0,
                0.0,
                1.0
            ]
        ],
        "T_pointcloud_camera_perturbed": [
            [
                0.06114375591278076,
                0.4347827732563019,
                -0.8984572887420654,
                0.39768552780151367
            ],
            [
                0.9981046915054321,
                -0.02034783363342285,
                0.0580785870552063,
                0.1421479880809784
            ],
            [
                0.006970018148422241,
                -0.9003055095672607,
                -0.435202956199646,
                0.34561416506767273
            ],
            [
                0.0,
                0.0,
                0.0,
                1.0
            ]
        ]
    },
    {
        "image_path": "/media/scratch1/mroncoroni/colmap_projects/replica/room_1_high_quality_500_frames/images/frame000012.jpg",
        "T_pointcloud_camera": [
            [
                0.05401875451207161,
                0.4256308972835541,
                -0.9032830595970154,
                0.3860451877117157
            ],
            [
                0.9985337257385254,
                -0.01983828842639923,
                0.05036711320281029,
                0.13920924067497253
            ],
            [
                0.003518209094181657,
                -0.9046793580055237,
                -0.4260784387588501,
                0.31495895981788635
            ],
            [
                0.0,
                0.0,
                0.0,
                1.0
            ]
        ],
        "camera_intrinsics": [
            [
                400.0,
                0.0,
                360.0
            ],
            [
                0.0,
                400.0,
                202.5
            ],
            [
                0.0,
                0.0,
                1.0
            ]
        ],
        "camera_height": 405,
        "camera_width": 720,
        "camera_id": 0,
        "depth_path": "/media/scratch1/mroncoroni/depth/depth000012.png",
        "lidar_path": "/media/scratch1/mroncoroni/groundtruth/replica/room_1/laser_scan/laser_scan_frame_13_noise.ply",
        "T_camera_lidar": [
            [
                1.0,
                0.0,
                0.0,
                0.0
            ],
            [
                0.0,
                1.0,
                0.0,
                0.0
            ],
            [
                0.0,
                0.0,
                1.0,
                0.0
            ],
            [
                0.0,
                0.0,
                0.0,
                1.0
            ]
        ],
        "T_pointcloud_camera_perturbed": [
            [
                0.03052198886871338,
                0.44820109009742737,
                -0.8934115171432495,
                0.39892101287841797
            ],
            [
                0.9995125532150269,
                -0.019553422927856445,
                0.02433726191520691,
                0.13423004746437073
            ],
            [
                -0.006561368703842163,
                -0.8937188386917114,
                -0.4485793113708496,
                0.30035218596458435
            ],
            [
                0.0,
                0.0,
                0.0,
                1.0
            ]
        ]
    },
    {
        "image_path": "/media/scratch1/mroncoroni/colmap_projects/replica/room_1_high_quality_500_frames/images/frame000013.jpg",
        "T_pointcloud_camera": [
            [
                0.0524589829146862,
                0.4225081205368042,
                -0.9048397541046143,
                0.3864050805568695
            ],
            [
                0.9986146688461304,
                -0.018475767225027084,
                0.049268558621406555,
                0.17356252670288086
            ],
            [
                0.004098756704479456,
                -0.9061707854270935,
                -0.4228920042514801,
                0.29941031336784363
            ],
            [
                0.0,
                0.0,
                0.0,
                1.0
            ]
        ],
        "camera_intrinsics": [
            [
                400.0,
                0.0,
                360.0
            ],
            [
                0.0,
                400.0,
                202.5
            ],
            [
                0.0,
                0.0,
                1.0
            ]
        ],
        "camera_height": 405,
        "camera_width": 720,
        "camera_id": 0,
        "depth_path": "/media/scratch1/mroncoroni/depth/depth000013.png",
        "lidar_path": "/media/scratch1/mroncoroni/groundtruth/replica/room_1/laser_scan/laser_scan_frame_14_noise.ply",
        "T_camera_lidar": [
            [
                1.0,
                0.0,
                0.0,
                0.0
            ],
            [
                0.0,
                1.0,
                0.0,
                0.0
            ],
            [
                0.0,
                0.0,
                1.0,
                0.0
            ],
            [
                0.0,
                0.0,
                0.0,
                1.0
            ]
        ],
        "T_pointcloud_camera_perturbed": [
            [
                0.056716322898864746,
                0.403534859418869,
                -0.9132046699523926,
                0.38505351543426514
            ],
            [
                0.998255729675293,
                -0.03793764114379883,
                0.04523429274559021,
                0.1575309783220291
            ],
            [
                -0.016391247510910034,
                -0.914177417755127,
                -0.4049825668334961,
                0.35392916202545166
            ],
            [
                0.0,
                0.0,
                0.0,
                1.0
            ]
        ]
    },
    {
        "image_path": "/media/scratch1/mroncoroni/colmap_projects/replica/room_1_high_quality_500_frames/images/frame000014.jpg",
        "T_pointcloud_camera": [
            [
                0.050639644265174866,
                0.4191678464412689,
                -0.9064953923225403,
                0.38678309321403503
            ],
            [
                0.9987058639526367,
                -0.016965245828032494,
                0.04794599488377571,
                0.20964786410331726
            ],
            [
                0.00471850112080574,
                -0.9077502489089966,
                -0.4194844961166382,
                0.2830777168273926
            ],
            [
                0.0,
                0.0,
                0.0,
                1.0
            ]
        ],
        "camera_intrinsics": [
            [
                400.0,
                0.0,
                360.0
            ],
            [
                0.0,
                400.0,
                202.5
            ],
            [
                0.0,
                0.0,
                1.0
            ]
        ],
        "camera_height": 405,
        "camera_width": 720,
        "camera_id": 0,
        "depth_path": "/media/scratch1/mroncoroni/depth/depth000014.png",
        "lidar_path": "/media/scratch1/mroncoroni/groundtruth/replica/room_1/laser_scan/laser_scan_frame_15_noise.ply",
        "T_camera_lidar": [
            [
                1.0,
                0.0,
                0.0,
                0.0
            ],
            [
                0.0,
                1.0,
                0.0,
                0.0
            ],
            [
                0.0,
                0.0,
                1.0,
                0.0
            ],
            [
                0.0,
                0.0,
                0.0,
                1.0
            ]
        ],
        "T_pointcloud_camera_perturbed": [
            [
                0.035500168800354004,
                0.4242892563343048,
                -0.9048305749893188,
                0.36246177554130554
            ],
            [
                0.9992733001708984,
                -0.0024927854537963867,
                0.03803667426109314,
                0.21343569457530975
            ],
            [
                0.013883024454116821,
                -0.9055233001708984,
                -0.4240694046020508,
                0.2900600731372833
            ],
            [
                0.0,
                0.0,
                0.0,
                1.0
            ]
        ]
    },
    {
        "image_path": "/media/scratch1/mroncoroni/colmap_projects/replica/room_1_high_quality_500_frames/images/frame000015.jpg",
        "T_pointcloud_camera": [
            [
                0.04854067042469978,
                0.4156138598918915,
                -0.9082449674606323,
                0.3871777057647705
            ],
            [
                0.9988067150115967,
                -0.015303099527955055,
                0.04637798294425011,
                0.2473146915435791
            ],
            [
                0.005376368761062622,
                -0.9094124436378479,
                -0.41586074233055115,
                0.2660292685031891
            ],
            [
                0.0,
                0.0,
                0.0,
                1.0
            ]
        ],
        "camera_intrinsics": [
            [
                400.0,
                0.0,
                360.0
            ],
            [
                0.0,
                400.0,
                202.5
            ],
            [
                0.0,
                0.0,
                1.0
            ]
        ],
        "camera_height": 405,
        "camera_width": 720,
        "camera_id": 0,
        "depth_path": "/media/scratch1/mroncoroni/depth/depth000015.png",
        "lidar_path": "/media/scratch1/mroncoroni/groundtruth/replica/room_1/laser_scan/laser_scan_frame_16_noise.ply",
        "T_camera_lidar": [
            [
                1.0,
                0.0,
                0.0,
                0.0
            ],
            [
                0.0,
                1.0,
                0.0,
                0.0
            ],
            [
                0.0,
                0.0,
                1.0,
                0.0
            ],
            [
                0.0,
                0.0,
                0.0,
                1.0
            ]
        ],
        "T_pointcloud_camera_perturbed": [
            [
                0.05431020259857178,
                0.41276228427886963,
                -0.9092181921005249,
                0.410969614982605
            ],
            [
                0.9981673955917358,
                -0.04677891731262207,
                0.0383870005607605,
                0.2570940852165222
            ],
            [
                -0.026687532663345337,
                -0.9096367359161377,
                -0.41454648971557617,
                0.276820570230484
            ],
            [
                0.0,
                0.0,
                0.0,
                1.0
            ]
        ]
    },
    {
        "image_path": "/media/scratch1/mroncoroni/colmap_projects/replica/room_1_high_quality_500_frames/images/frame000017.jpg",
        "T_pointcloud_camera": [
            [
                0.04342372715473175,
                0.4078781306743622,
                -0.912003219127655,
                0.38801026344299316
            ],
            [
                0.9990335702896118,
                -0.011512577533721924,
                0.04241874814033508,
                0.32679033279418945
            ],
            [
                0.006802171468734741,
                -0.9129638075828552,
                -0.4079838693141937,
                0.2300577461719513
            ],
            [
                0.0,
                0.0,
                0.0,
                1.0
            ]
        ],
        "camera_intrinsics": [
            [
                400.0,
                0.0,
                360.0
            ],
            [
                0.0,
                400.0,
                202.5
            ],
            [
                0.0,
                0.0,
                1.0
            ]
        ],
        "camera_height": 405,
        "camera_width": 720,
        "camera_id": 0,
        "depth_path": "/media/scratch1/mroncoroni/depth/depth000017.png",
        "lidar_path": "/media/scratch1/mroncoroni/groundtruth/replica/room_1/laser_scan/laser_scan_frame_18_noise.ply",
        "T_camera_lidar": [
            [
                1.0,
                0.0,
                0.0,
                0.0
            ],
            [
                0.0,
                1.0,
                0.0,
                0.0
            ],
            [
                0.0,
                0.0,
                1.0,
                0.0
            ],
            [
                0.0,
                0.0,
                0.0,
                1.0
            ]
        ],
        "T_pointcloud_camera_perturbed": [
            [
                0.07367956638336182,
                0.40418633818626404,
                -0.9117043018341064,
                0.3930665850639343
            ],
            [
                0.9970505237579346,
                -0.010162591934204102,
                0.07607156038284302,
                0.324181467294693
            ],
            [
                0.021481871604919434,
                -0.9146202206611633,
                -0.40374302864074707,
                0.166426420211792
            ],
            [
                0.0,
                0.0,
                0.0,
                1.0
            ]
        ]
    },
    {
        "image_path": "/media/scratch1/mroncoroni/colmap_projects/replica/room_1_high_quality_500_frames/images/frame000018.jpg",
        "T_pointcloud_camera": [
            [
                0.040365803986787796,
                0.4037023186683655,
                -0.9139994978904724,
                0.38844507932662964
            ],
            [
                0.9991562962532043,
                -0.009380193427205086,
                0.03998354822397232,
                0.3682979941368103
            ],
            [
                0.007567959371954203,
                -0.9148423075675964,
                -0.4037403464317322,
                0.21127092838287354
            ],
            [
                0.0,
                0.0,
                0.0,
                1.0
            ]
        ],
        "camera_intrinsics": [
            [
                400.0,
                0.0,
                360.0
            ],
